-175.7	51.68	30	3.83	-3.19	-0.64	4.16	0.81	-2.1	24
-168.18	52.4	29	1.18	-0.99	-0.19	1.14	0.26	-0.79	25
-168.28	52.73	53	7.51	-5.81	-1.7	8.2	3.42	-6.93	23
-169.74	52.21	39	2.64	-2.3	-0.34	1.63	0.4	-1.57	25
-173.68	52.35	15	0.26	0.1	-0.36	1.66	0.54	-0.26	24
-176.0	51.08	38	1.06	-0.77	-0.29	1.36	1.03	-0.47	26
-175.41	51.47	32	4.81	-4.52	-0.29	4.89	3.48	-2.65	24
-175.57	51.53	38	7.55	-6.2	-1.35	7.13	5.14	-3.76	24
-171.48	52.18	44	8.61	-8.08	-0.53	7.06	-1.71	-2.02	24
-169.65	52.49	26	1.44	-0.43	-1.0	0.34	2.65	-1.48	24
-169.69	52.54	20	2.66	-0.6	-2.06	0.13	5.14	-2.56	24
-176.31	50.93	17	0.94	-0.81	-0.13	1.02	0.79	-0.54	24
-153.75	60.16	184	1.36	-1.05	-0.31	-0.18	0.96	0.43	24
-152.98	55.78	33	1.57	-0.98	-0.59	5.84	4.38	-0.65	25
-175.77	51.73	40	7.07	-5.16	-1.91	6.95	7.4	-5.85	23
-175.97	51.57	38	1.17	-1.06	-0.1	1.31	0.64	-0.61	25
-179.21	51.19	34	6.0	-6.69	0.69	8.45	5.13	-2.03	25
-132.51	52.36	15	1.1	-0.78	-0.32	0.55	-0.53	0.5	24
-168.37	52.48	16	3.78	-2.49	-1.29	4.84	1.21	-2.71	24
-151.21	56.3	15	1.11	-1.19	0.07	4.15	2.91	-0.67	24
-120.08	33.74	10	3.76	-4.32	0.56	1.26	-3.56	1.74	24
-167.66	52.47	35	1.57	-1.56	-0.02	1.28	0.65	-0.97	24
-152.48	59.83	124	1.93	-3.6	1.67	0.02	2.19	0.94	24
-161.24	54.53	47	1.31	-1.4	0.09	0.92	0.64	-0.64	25
-157.53	55.44	21	3.81	-2.89	-0.92	7.2	3.79	-1.84	25
-141.39	60.5	19	0.76	-0.88	0.12	1.69	0.18	-0.06	27
-173.53	51.63	32	3.17	-2.67	-0.5	5.73	1.82	-3.03	23
-141.2	60.63	15	0.68	-0.67	-0.01	1.19	0.66	-0.1	24
-168.17	52.71	30	1.99	-1.86	-0.13	1.04	0.1	-0.97	24
-166.84	52.43	38	2.09	-2.1	0.01	1.16	0.63	-1.13	25
-127.72	62.77	15	3.53	-3.8	0.26	-0.02	-3.56	0.76	23
-170.56	51.85	43	5.63	-5.28	-0.35	3.04	2.05	-2.67	23
-165.29	54.06	71	1.48	-0.42	-1.06	-2.57	-0.23	-0.87	24
-178.4	51.42	40	8.7	-9.87	1.17	7.21	4.76	-2.5	24
-173.49	51.91	35	5.6	-6.03	0.42	5.66	-2.75	0.5	23
-173.39	52.35	77	8.48	-6.75	-1.73	1.38	3.25	-2.22	23
-169.03	52.02	20	5.65	-5.59	-0.06	4.31	-0.83	-1.56	23
-168.81	52.27	20	1.72	-1.34	-0.39	1.54	0.48	-1.22	24
-167.7	52.96	36	2.48	-1.94	-0.54	1.91	0.83	-0.9	26
-160.29	54.74	54	1.8	-1.94	0.14	1.91	-0.88	0.16	24
-178.47	51.5	25	0.51	-0.54	0.03	0.44	-1.52	0.13	24
-154.16	56.2	34	0.57	-0.48	-0.1	1.04	0.61	-0.29	24
-169.4	52.04	38	1.33	-1.0	-0.33	0.52	0.55	-1.11	24
-169.16	52.15	30	2.26	-1.69	-0.57	1.64	0.76	-1.74	24
-160.53	54.69	59	6.59	-6.48	-0.11	4.27	2.14	-5.11	23
-175.83	51.78	55	1.01	-0.92	-0.08	0.52	0.48	-0.45	25
-167.83	52.33	24	2.39	-1.75	-0.63	1.44	0.71	-1.83	24
-174.82	51.48	15	1.49	-1.17	-0.33	1.41	1.35	-0.87	24
-163.97	53.61	23	3.11	-3.75	0.64	3.93	3.49	-1.89	23
-168.78	52.45	27	1.15	-1.36	0.22	1.25	-0.14	-0.71	24
-165.58	53.34	33	3.89	-1.63	-2.26	-2.02	0.95	0.69	24
-164.47	54.22	49	2.89	-2.28	-0.6	-3.0	1.15	2.7	23
-166.21	52.99	36	9.05	-6.01	-3.04	-1.64	1.62	4.46	24
-176.7	51.65	49	1.71	-1.55	-0.17	0.69	0.58	-0.67	24
-178.32	51.75	66	4.38	-3.41	-0.97	0.55	2.14	-2.76	23
-161.41	54.3	44	0.42	0.69	-1.11	0.88	0.94	-0.25	24
-141.18	60.12	15	0.52	-0.58	0.05	1.31	-0.02	0.25	24
-168.28	52.34	23	9.08	-8.22	-0.85	6.2	4.36	-4.54	23
-177.55	51.21	42	8.31	-9.06	0.76	6.28	5.04	-3.38	24
-176.63	51.83	65	1.66	-1.53	-0.12	0.65	0.69	-0.76	24
-173.98	51.64	34	5.13	0.87	-6.01	-0.14	-5.06	-2.45	23
-163.34	53.7	15	5.16	-2.35	-2.81	3.31	3.51	-3.21	23
-165.08	53.66	56	9.84	-7.91	-1.94	3.34	3.27	-6.63	23
-178.88	51.79	58	4.09	-3.56	-0.54	2.0	1.5	-0.04	23
-161.57	54.44	32	2.14	-2.74	0.6	7.41	1.53	-1.85	23
-151.38	56.91	19	1.37	-0.6	-0.77	3.8	3.49	-1.11	24
-167.25	52.74	10	1.14	-1.04	-0.11	2.1	0.55	-0.88	25
-167.33	52.61	16	1.98	-1.86	-0.12	2.12	1.42	-1.1	24
-177.41	51.4	42	1.03	-1.24	0.21	0.73	0.64	-0.42	24
-120.66	35.67	11	1.23	-0.88	-0.35	-0.99	-0.37	0.96	24
-154.56	55.57	10	0.13	-0.23	0.1	1.07	0.93	-0.1	25
-159.0	54.63	19	3.48	-2.94	-0.53	5.38	2.76	-1.94	25
-158.98	54.51	40	6.3	-6.09	-0.21	5.34	4.32	-4.15	24
-169.87	51.76	47	1.77	-1.49	-0.27	0.77	0.8	-1.12	24
-140.75	61.39	13	1.54	-1.38	-0.16	0.47	0.16	0.62	24
-120.66	36.42	14	3.55	-1.39	-2.16	1.17	-1.66	1.58	25
-173.45	51.11	10	0.85	-0.66	-0.19	1.08	0.34	-0.45	25
-121.38	35.81	10	0.7	0.22	-0.92	0.77	1.39	0.11	24
-141.44	60.21	17	3.91	-3.63	-0.28	6.34	0.52	-0.48	24
-120.41	36.24	15	3.09	1.17	-4.26	3.31	-3.06	2.67	23
-121.33	35.41	10	4.33	-0.5	-3.83	0.0	0.0	0.02	24
-121.19	35.87	10	6.57	2.73	-9.3	0.0	0.0	1.79	23
-167.91	52.01	15	3.77	-1.92	-1.86	5.21	4.48	-1.6	23
-164.08	54.16	70	8.31	-5.61	-2.7	-0.12	0.18	-1.71	24
-179.4	51.47	46	8.66	-9.51	0.85	5.84	6.38	-2.43	23
-168.27	52.41	45	9.55	-5.65	-3.89	8.22	2.69	-5.38	23
-176.92	52.0	42	1.89	-1.78	-0.12	1.07	1.62	-0.74	24
-171.06	52.2	36	1.25	-1.4	0.15	1.23	0.48	-0.43	24
-165.01	53.62	34	1.39	-0.3	-1.09	0.27	2.74	-1.51	24
-173.32	51.84	24	3.11	-3.03	-0.08	2.49	1.33	-1.75	24
-173.29	51.98	20	5.71	-4.94	-0.77	7.45	3.35	-3.13	23
-146.65	60.4	31	0.0	-0.51	0.51	1.77	0.7	0.02	24
-165.17	53.47	46	6.73	-6.46	-0.27	3.32	1.3	-3.47	24
-175.74	52.0	65	4.51	-3.22	-1.29	1.4	0.86	-2.54	23
-175.2	51.97	42	1.36	-0.82	-0.55	0.26	1.44	-0.88	24
-170.64	52.29	30	3.5	-1.52	-1.99	1.53	6.36	-4.11	24
-175.05	51.68	47	3.01	-2.56	-0.45	1.3	1.31	-1.49	24
-157.61	55.05	44	5.57	-4.39	-1.17	5.56	5.04	-5.02	24
-175.17	52.15	68	6.7	-4.26	-2.44	3.17	1.85	-5.44	23
-173.77	52.07	10	0.66	-0.52	-0.15	1.07	0.4	-0.32	24
-161.26	54.36	59	0.97	-1.08	0.11	0.5	0.35	-0.58	24
-178.06	51.36	39	1.3	-1.32	0.02	0.98	0.72	-0.61	25
-172.95	51.66	32	0.81	-0.86	0.05	1.08	0.44	-0.25	25
-120.45	35.96	10	0.59	-0.32	-0.28	-1.3	0.84	0.24	25
-168.59	52.19	33	3.01	-2.51	-0.5	1.52	1.06	-1.78	24
-123.93	62.53	10	8.62	-1.86	-6.76	-0.14	-2.4	2.15	25
-159.4	54.84	32	4.55	-3.43	-1.12	6.13	4.21	-1.76	25
-170.93	52.1	38	6.76	-4.22	-2.53	2.77	5.37	-6.25	24
-159.27	54.87	23	7.03	-5.97	-1.06	7.16	5.59	-6.46	23
-166.93	53.11	55	1.45	-1.36	-0.09	0.81	0.3	-0.95	25
-151.0	62.73	84	3.59	-0.53	-3.06	-0.67	3.34	-3.08	23
-159.34	54.4	40	1.12	-1.03	-0.09	0.74	0.29	-0.56	25
-123.79	62.33	15	1.64	-0.3	-1.34	0.18	0.03	0.22	26
-123.95	62.24	10	5.96	-0.84	-5.12	2.07	-1.62	-0.29	23
-124.65	62.6	15	2.3	0.87	-3.17	0.62	-1.15	1.28	23
-173.01	51.81	36	2.24	0.23	-2.47	0.42	-0.22	-0.46	24
-153.38	56.11	23	0.93	-0.57	-0.36	1.29	0.85	-0.69	24
-121.86	53.64	15	1.25	-1.87	0.63	1.04	-1.04	0.26	24
-174.65	51.6	23	1.93	-1.69	-0.24	1.46	1.05	-0.89	25
-175.43	51.33	31	7.26	-6.35	-0.91	7.03	2.16	-2.48	27
-175.06	51.55	24	3.89	-2.86	-1.03	2.96	1.1	-2.0	25
-174.39	51.56	18	4.6	-4.87	0.27	5.62	3.12	-1.38	24
-176.34	51.56	15	3.09	-3.06	-0.03	7.8	5.31	-1.07	23
-173.73	51.79	16	2.15	-1.87	-0.28	2.78	1.76	-0.98	24
-174.56	51.56	16	1.99	-1.83	-0.16	2.55	1.4	-0.77	24
-174.96	51.47	15	0.82	-0.85	0.03	1.12	1.11	-0.28	24
-173.09	51.8	15	8.11	-5.39	-2.73	8.26	2.53	-4.45	23
-178.63	51.41	46	6.68	-7.85	1.17	2.98	5.84	-2.81	23
-174.33	51.79	15	4.83	-4.53	-0.3	7.46	4.15	-2.51	23
-176.54	51.71	44	4.56	-3.92	-0.64	2.6	2.54	-1.53	25
-152.45	55.93	15	0.75	-0.53	-0.22	3.26	1.77	-0.65	25
-174.94	51.51	32	9.63	-8.22	-1.41	7.62	3.84	-4.59	23
-176.23	51.57	17	7.44	-5.77	-1.66	9.14	5.13	-3.28	23
-116.57	33.63	15	5.29	-9.93	4.64	5.25	8.32	-3.0	24
-176.3	51.97	63	1.81	-1.49	-0.32	0.5	0.63	-0.94	24
-177.49	51.81	62	1.9	-1.52	-0.37	-0.68	2.21	-2.37	23
-117.44	32.74	15	5.39	-5.38	-0.01	-2.08	0.19	3.32	24
-165.76	53.25	57	2.72	-2.61	-0.11	-0.35	0.98	0.11	24
-165.72	53.26	66	7.08	-5.96	-1.11	-0.68	2.09	-0.79	23
-175.82	51.21	25	3.94	-3.29	-0.65	3.87	2.26	-1.97	24
-173.91	52.0	38	9.17	-8.94	-0.23	6.92	5.01	-5.27	23
-174.97	51.93	41	1.37	-1.13	-0.24	0.89	0.77	-0.84	24
-173.92	51.58	15	8.55	-7.61	-0.94	9.81	6.77	-3.68	23
-177.01	51.57	18	4.57	-5.02	0.45	5.58	3.16	-1.12	24
-153.65	55.9	15	0.79	-1.21	0.42	4.72	3.65	-0.43	25
-153.21	56.06	15	2.1	-1.57	-0.53	5.15	4.88	-2.6	24
-175.82	51.85	59	1.02	-0.85	-0.17	0.14	0.36	-0.56	24
-175.92	52.08	60	5.89	-4.22	-1.67	1.42	2.96	-3.91	23
-175.34	52.34	48	2.15	-1.38	-0.76	1.03	1.17	-1.28	24
-176.75	51.31	52	5.63	-5.62	-0.0	3.68	2.32	1.08	23
-176.32	51.72	37	5.65	-4.64	-1.01	4.77	3.88	-2.86	24
-167.99	51.88	15	3.97	-3.16	-0.81	0.84	2.19	-4.18	23
-175.34	52.0	45	5.4	-3.26	-2.15	2.12	-0.16	-4.31	23
-177.41	52.33	49	2.28	-2.54	0.27	2.67	3.02	1.14	23
-169.05	52.53	34	1.24	-0.94	-0.3	0.82	0.5	-0.43	26
-174.37	52.09	33	3.7	-2.81	-0.89	5.25	0.53	-2.92	23
-120.0	35.57	15	4.9	0.2	-5.1	-2.4	-3.64	4.41	23
-179.2	51.48	34	1.53	-1.69	0.16	1.52	1.23	-0.52	25
-179.44	51.52	20	0.92	-1.04	0.12	0.32	0.95	-0.08	24
-179.98	51.33	15	1.77	-1.61	-0.15	3.11	1.37	-0.69	24
-173.4	51.66	23	1.42	-1.33	-0.09	1.14	0.69	-0.57	25
-171.23	51.96	47	1.27	-1.54	0.27	0.73	0.2	-0.47	24
-168.07	52.98	43	2.28	-1.1	-1.18	0.55	2.17	-1.78	24
-150.22	61.4	69	4.86	-1.47	-3.39	3.63	8.92	-1.3	23
-179.47	51.28	20	5.71	-5.73	0.02	4.89	3.46	-1.86	25
-152.28	56.3	33	2.88	-1.61	-1.27	7.46	5.52	-1.12	23
-176.9	51.71	46	1.43	-1.35	-0.08	1.06	1.0	-0.93	24
-176.31	51.7	42	2.59	-2.1	-0.49	0.38	1.3	-1.45	23
-162.22	54.14	34	4.52	-3.57	-0.95	4.18	2.53	-1.9	25
-174.59	51.64	36	6.0	-5.92	-0.08	6.06	3.15	-2.63	23
-174.87	51.85	36	1.95	-1.86	-0.08	2.16	1.19	-1.09	24
-174.72	51.78	24	5.29	-4.54	-0.74	5.31	2.7	-2.53	24
-153.49	55.94	42	1.45	-0.93	-0.52	2.25	2.35	-0.7	24
-118.25	33.99	15	7.0	-8.08	1.08	3.88	0.86	-0.75	24
-173.1	51.59	54	6.94	-5.35	-1.59	4.78	2.35	-6.39	23
-135.99	59.29	15	2.41	0.33	-2.74	-0.36	-2.71	0.55	23
-141.09	61.56	15	1.91	-2.01	0.1	-0.24	-0.4	0.42	24
-174.33	51.73	33	1.21	-2.0	0.79	0.29	-0.1	-0.25	24
-175.08	52.03	15	1.15	-1.03	-0.12	0.93	1.54	-0.78	24
-174.85	52.11	32	5.52	-4.75	-0.77	6.92	2.78	-2.26	23
-173.9	51.41	15	3.17	-2.39	-0.78	2.24	1.08	-1.19	23
-173.28	52.58	59	8.43	-5.08	-3.36	0.98	3.64	-5.06	23
-176.88	52.27	57	9.12	-6.88	-2.24	6.6	2.52	-4.08	23
-144.92	59.22	15	0.52	-0.24	-0.28	1.25	0.1	-0.16	24
-169.32	52.73	38	0.89	-1.15	0.26	1.93	1.55	-1.1	24
-124.29	62.39	16	2.46	-0.33	-2.12	-0.5	0.43	0.6	25
-168.33	52.56	15	2.09	-1.37	-0.72	4.2	3.04	-1.37	24
-163.01	53.47	20	4.96	-4.28	-0.68	7.33	3.36	-3.87	24
-124.41	62.07	15	2.64	-0.75	-1.89	-2.15	0.7	1.15	23
-138.1	59.76	15	3.06	-1.1	-1.96	8.04	-2.94	2.22	23
-177.6	51.02	15	1.88	-1.74	-0.14	5.81	1.36	-0.51	23
-166.72	52.98	15	6.54	-1.38	-5.16	5.27	3.85	-6.04	23
-170.41	51.96	35	4.58	-4.27	-0.32	4.67	5.03	-2.35	23
-170.07	51.91	15	2.02	-1.82	-0.2	4.61	0.53	-0.44	23
-176.07	51.89	15	2.91	-2.54	-0.37	6.81	2.8	-1.36	23
-175.75	51.6	26	4.28	-3.35	-0.93	4.0	1.43	-2.02	23
-152.77	55.91	15	2.52	-2.41	-0.11	3.98	4.53	-2.43	23
-170.22	52.51	33	2.26	-1.49	-0.77	4.11	-1.17	-0.06	23
-179.24	51.6	29	2.58	-2.31	-0.27	6.69	2.88	-0.49	23
-162.48	53.47	21	4.05	-4.4	0.35	-0.61	1.46	-2.22	23
-177.97	51.25	54	2.95	-3.59	0.64	4.24	1.44	-0.33	23
-171.0	52.24	35	6.17	-4.66	-1.52	4.9	2.27	-3.64	24
-175.92	52.28	57	1.6	-1.18	-0.42	0.86	0.94	-1.01	24
-166.3	53.78	91	4.93	-4.97	0.05	-8.07	-2.81	-0.28	23
-174.97	52.06	15	4.89	-3.6	-1.28	9.6	5.64	-3.06	24
-174.84	52.07	15	0.7	-0.41	-0.29	1.36	0.72	-0.36	24
-174.61	51.92	15	2.99	-2.47	-0.52	3.46	1.26	-2.2	24
-175.06	51.63	15	4.0	-5.02	1.03	8.62	5.97	0.64	23
-170.09	52.38	19	6.8	-4.3	-2.5	8.02	6.78	-5.05	23
-153.76	55.7	25	3.66	-1.87	-1.8	7.98	4.86	-2.81	24
-178.9	51.46	26	2.92	-3.0	0.08	6.75	3.36	-0.58	23
-154.01	59.78	138	0.73	-1.32	0.59	-0.01	1.02	-0.14	24
-178.13	51.92	32	6.5	-5.07	-1.43	4.86	2.79	-4.05	23
-175.19	52.17	46	2.74	-2.08	-0.65	1.18	2.13	-1.41	23
-165.65	54.25	104	0.3	0.28	-0.58	-1.87	-0.7	0.01	25
-174.12	51.68	33	2.63	-2.38	-0.24	2.1	0.54	-1.87	23
-174.61	51.93	24	7.98	-6.22	-1.76	7.79	1.98	-3.6	23
-174.82	51.68	31	9.82	-8.48	-1.34	8.42	4.76	-4.28	24
-140.82	60.18	15	6.34	-7.32	0.98	9.04	-2.27	-2.79	23
-168.12	52.81	15	0.96	-0.64	-0.33	1.37	1.42	-0.77	24
-157.23	55.66	26	1.17	-1.03	-0.15	3.87	2.09	-0.57	26
-175.73	51.69	30	1.45	-1.41	-0.05	1.34	0.44	-0.78	24
-173.57	52.1	15	1.84	-1.73	-0.12	2.6	1.63	-1.17	24
-178.97	51.24	27	1.08	-1.09	0.01	1.18	0.7	-0.35	26
-179.07	51.1	15	1.86	-2.02	0.16	1.11	-0.19	-0.5	25
-179.22	51.03	15	0.54	-0.36	-0.18	1.36	0.74	-0.4	25
-179.23	51.01	15	3.02	-1.59	-1.42	2.02	0.1	-2.01	24
-121.63	37.06	19	1.28	-2.52	1.23	1.24	-1.04	0.11	26
-175.38	51.54	53	5.31	-4.24	-1.07	1.4	2.6	-3.51	23
-178.77	51.46	15	0.64	-0.62	-0.01	1.36	0.18	-0.06	24
-177.98	51.9	40	2.02	-1.32	-0.7	1.37	1.14	-1.42	24
-169.51	52.34	15	7.13	-4.79	-2.33	9.14	4.18	-4.9	24
-169.24	52.31	15	3.48	-2.2	-1.27	4.06	1.82	-2.79	24
-169.94	52.23	15	1.19	-0.63	-0.56	1.11	1.06	-0.03	24
-170.57	52.25	15	1.91	-0.6	-1.31	4.89	4.55	-0.63	23
-175.14	51.88	21	2.95	-1.19	-1.76	4.87	-0.16	-3.03	23
-152.34	60.54	110	4.8	-9.56	4.76	-1.9	5.69	1.34	23
-174.9	51.7	19	2.38	-1.69	-0.69	2.61	1.19	-1.21	25
-174.94	51.5	15	1.07	-1.6	0.53	3.44	1.52	-0.32	24
-163.19	53.48	31	1.31	-1.15	-0.15	1.25	-0.06	-1.46	24
-153.09	56.89	15	0.38	-0.25	-0.12	1.32	0.71	-0.32	25
-136.62	59.56	15	2.19	-0.32	-1.87	0.75	-0.06	1.12	24
-168.69	53.32	49	6.55	-3.71	-2.84	5.21	7.3	-3.7	23
-156.71	53.69	49	7.51	-7.42	-0.09	3.84	-1.24	2.6	23
-175.01	52.04	45	3.84	-4.25	0.4	3.6	1.75	-1.4	23
-178.4	51.5	31	1.08	-1.01	-0.06	1.38	1.13	-0.44	24
-168.54	53.07	15	2.88	-0.92	-1.95	4.76	2.02	-1.87	23
-173.91	51.92	33	3.29	-2.73	-0.57	4.48	2.3	-3.6	23
-175.35	51.85	44	3.76	-2.95	-0.81	4.27	2.01	-2.0	23
-158.39	54.7	28	0.38	-0.18	-0.2	0.62	1.17	-0.48	24
-148.44	66.28	15	5.25	-5.08	-0.18	0.39	3.16	-1.22	23
-175.1	51.71	33	2.23	-1.68	-0.55	2.52	2.15	-1.15	24
-163.4	53.87	15	2.9	-3.44	0.54	6.36	3.56	-2.2	23
-151.42	62.47	118	2.45	-1.94	-0.51	1.89	0.72	-0.56	25
-161.64	54.41	24	1.05	-0.77	-0.28	2.03	2.03	-0.52	26
-118.0	34.26	21	2.72	-2.82	0.1	-0.2	-1.73	-1.38	24
-161.03	54.59	29	4.44	-2.55	-1.89	5.16	4.28	-2.92	24
-169.15	54.34	278	5.83	-5.95	0.12	3.77	-5.0	-7.99	24
-124.38	40.02	15	1.2	-0.47	-0.72	-0.08	-1.55	0.46	25
-165.5	53.32	53	8.28	-3.65	-4.63	2.95	5.64	-6.1	23
-176.03	51.49	38	7.72	-4.61	-3.12	6.04	7.93	-2.99	24
-170.09	52.19	27	5.22	-4.57	-0.65	6.98	2.1	-1.53	24
-174.23	51.3	54	2.71	-2.54	-0.18	-0.42	0.58	-1.58	23
-165.58	53.4	15	5.66	-1.58	-4.09	9.14	4.51	-1.86	24
-179.39	51.24	15	4.64	-4.46	-0.18	6.58	4.91	-2.03	24
-124.31	40.25	15	2.21	-0.79	-1.42	0.62	-6.39	0.45	26
-172.01	51.92	44	6.25	-6.72	0.46	7.54	0.25	-1.03	23
-175.98	51.6	53	1.22	-1.06	-0.16	0.65	0.87	-0.51	24
-124.38	40.45	21	2.14	-1.89	-0.25	-6.49	0.27	-2.01	23
-165.11	53.32	32	5.29	-4.02	-1.27	3.03	3.48	-2.28	23
-172.95	51.57	15	4.45	-3.8	-0.65	5.9	0.37	-1.88	24
-173.62	51.73	31	3.06	-2.5	-0.56	2.97	-0.88	2.52	23
-116.72	34.5	15	7.02	-8.6	1.58	-1.74	-5.97	-3.6	23
-176.31	51.89	74	0.86	0.3	-1.15	3.61	1.18	0.4	23
-178.27	51.23	26	4.86	-3.79	-1.07	7.46	7.27	-3.09	24
-178.01	51.2	15	4.46	-4.14	-0.32	7.16	4.1	-1.74	25
-178.17	51.31	17	0.78	-0.74	-0.04	1.01	0.79	-0.22	25
-177.85	51.13	15	6.15	-5.53	-0.62	8.13	5.79	-1.81	24
-176.69	51.58	47	1.51	-1.18	-0.34	1.21	1.03	-0.68	24
-177.68	51.38	20	1.47	-1.17	-0.29	1.25	-0.36	-0.41	24
-177.37	51.34	35	2.82	-2.37	-0.44	2.29	1.83	-1.36	24
-178.94	50.97	16	0.97	-0.94	-0.03	1.41	1.04	-0.35	25
-167.74	51.79	15	3.61	-2.28	-1.33	2.62	-2.43	0.63	23
-116.9	34.37	15	6.75	-7.31	0.56	1.14	-2.52	1.89	23
-161.5	54.16	32	1.1	-1.07	-0.03	2.64	1.16	-0.46	24
-161.41	54.4	49	1.92	-3.5	1.58	4.46	1.87	0.58	23
-122.07	45.17	15	1.66	-2.8	1.14	-1.25	1.49	-0.43	24
-164.92	53.33	29	0.2	-0.28	0.08	1.02	0.56	-0.2	24
-178.44	51.24	17	9.64	-8.09	-1.54	8.34	1.7	-3.84	23
-154.54	55.9	26	0.81	-0.7	-0.12	1.59	1.3	-0.56	24
-159.95	54.7	41	1.64	-1.29	-0.35	1.57	0.91	-0.71	26
-159.84	54.89	41	2.58	-2.22	-0.37	1.94	1.63	-3.76	23
-178.45	51.16	26	1.27	-1.22	-0.05	1.69	1.18	-0.51	26
-159.66	54.61	34	2.16	-1.69	-0.47	2.24	1.59	-1.3	24
-160.04	54.7	49	1.01	-0.86	-0.15	0.86	0.58	-0.54	25
-154.93	55.39	15	0.48	-0.54	0.06	1.61	1.39	-0.32	24
-178.28	51.45	40	4.26	-3.45	-0.81	1.97	2.02	-1.77	24
-176.5	51.76	28	3.45	-2.67	-0.78	3.41	2.85	-2.34	23
-176.06	51.83	34	2.95	-2.26	-0.69	4.72	1.2	-0.7	23
-171.06	51.17	35	1.58	-1.76	0.18	1.46	0.56	-0.88	24
-177.75	51.49	47	3.56	-2.98	-0.58	1.73	1.97	-2.03	24
-177.63	51.52	25	1.3	-1.27	-0.03	2.21	1.48	-0.65	24
-168.19	52.11	42	3.46	-4.28	0.82	4.28	3.51	-1.48	23
-118.64	34.44	17	1.08	-0.94	-0.14	0.05	-0.4	0.44	26
-118.7	34.22	15	6.32	-5.95	-0.37	0.03	0.02	3.5	24
-119.11	34.02	15	9.55	-8.99	-0.56	-0.3	-0.08	3.23	23
-170.16	51.89	15	6.14	-6.49	0.35	8.26	2.46	-1.72	23
-178.64	51.44	28	3.18	-2.24	-0.94	-1.17	-8.61	3.89	23
-118.68	34.32	15	9.22	-8.05	-1.17	4.82	-0.68	4.47	23
-177.94	51.3	32	1.48	-1.28	-0.2	1.17	0.97	-0.68	25
-168.01	52.23	20	3.46	-3.05	-0.41	4.36	2.14	-1.48	24
-167.82	52.25	24	4.84	-4.02	-0.83	6.19	0.69	-3.97	23
-179.08	51.23	24	1.25	-1.32	0.07	1.21	0.7	-0.43	24
-179.15	51.11	28	0.78	-0.65	-0.13	1.92	0.73	0.2	24
-166.84	52.43	30	4.12	-4.18	0.06	1.1	0.95	-1.57	23
-178.96	51.28	57	2.39	-2.2	-0.19	3.48	4.54	-1.34	23
-157.69	55.8	77	1.76	-1.23	-0.53	3.91	3.24	0.28	23
-173.9	51.48	15	2.08	-1.81	-0.27	2.55	1.47	-0.77	24
-173.95	51.31	33	6.49	-4.39	-2.1	5.62	7.18	-0.31	23
-173.39	51.7	15	7.04	-5.53	-1.51	5.48	3.49	-4.13	23
-178.07	51.34	28	4.19	-3.99	-0.21	3.94	2.74	-1.55	23
-157.44	55.1	31	2.96	-1.39	-1.56	3.39	1.36	-0.89	23
-121.53	47.35	17	4.22	-1.67	-2.55	-1.64	1.24	1.63	23
-160.86	54.43	44	1.53	-1.45	-0.08	1.1	0.79	-0.83	25
-161.06	54.59	53	1.24	-0.97	-0.27	0.69	0.74	-0.71	24
-161.04	54.6	46	8.08	-5.17	-2.9	5.18	5.96	-4.06	23
-176.9	51.2	17	8.56	-7.57	-0.99	8.01	4.22	-2.38	23
-146.33	60.2	15	0.77	-1.14	0.38	-0.29	-0.54	-0.38	24
-179.29	51.34	31	5.99	-5.77	-0.22	7.01	5.81	-2.54	23
-163.46	53.31	15	6.85	-5.47	-1.38	6.46	3.35	-3.9	24
-163.41	53.41	15	0.66	-0.35	-0.31	1.1	0.69	-0.39	24
-178.54	51.43	33	3.03	-3.04	0.01	2.91	2.74	-2.02	23
-165.03	53.72	53	2.32	-2.4	0.08	0.48	-1.53	0.24	23
-173.48	51.73	15	3.61	-3.38	-0.23	4.48	2.68	-1.59	24
-170.62	52.12	33	0.51	-0.96	0.44	0.87	-1.37	0.59	24
-178.71	51.21	48	8.2	-5.44	-2.76	5.86	5.09	-1.69	23
-170.53	52.18	33	4.3	-3.39	-0.91	4.45	1.0	-1.52	23
-179.12	51.26	31	1.54	-1.73	0.19	1.7	1.28	-0.57	24
-168.13	51.77	15	7.84	-7.02	-0.81	8.26	3.28	-2.85	23
-168.98	51.95	26	2.43	-1.92	-0.51	5.85	5.94	-0.91	23
-168.42	51.92	16	1.26	-1.09	-0.17	0.96	0.41	-0.46	24
-168.41	52.21	18	0.83	-0.5	-0.34	1.12	0.41	-0.36	24
-168.65	52.03	18	3.8	-3.0	-0.79	4.03	2.13	-1.3	24
-168.71	51.97	22	1.32	-0.99	-0.33	1.32	0.99	-0.81	24
-168.54	51.99	18	2.07	-2.07	-0.01	2.49	1.09	-0.69	24
-168.62	52.16	16	1.77	-1.4	-0.36	2.49	1.29	-0.83	25
-177.47	51.44	27	1.39	-1.05	-0.34	1.21	1.09	-0.63	24
-178.17	51.43	34	1.22	-1.28	0.05	1.17	1.11	-0.41	24
-167.92	52.6	31	1.28	-1.27	-0.0	1.04	0.06	-0.33	24
-177.79	51.33	34	4.45	-4.16	-0.29	3.82	3.05	-1.83	25
-177.1	51.48	24	6.15	-5.32	-0.83	-0.68	1.79	-4.12	23
-177.41	51.1	29	4.12	-4.1	-0.02	6.51	1.82	-1.55	27
-176.49	51.38	36	6.08	-5.74	-0.35	4.81	2.99	-2.34	26
-175.92	51.28	23	5.82	-5.46	-0.36	4.72	2.63	-2.68	24
-175.74	51.29	18	3.27	-2.86	-0.41	3.6	2.04	-1.48	24
-176.39	51.34	19	2.42	-2.55	0.12	1.32	0.46	-0.11	24
-178.26	51.41	40	5.05	-5.94	0.89	3.13	5.31	-1.61	23
-178.01	51.38	37	3.25	-3.29	0.04	3.24	2.25	-1.25	24
-177.53	51.28	37	0.12	-0.57	0.46	1.48	0.82	0.02	24
-175.95	51.38	18	1.66	-1.5	-0.17	2.1	0.71	-0.93	24
-176.61	51.01	41	1.46	0.09	-1.55	-0.82	-3.3	-1.17	23
-178.2	51.51	46	6.27	-5.36	-0.91	4.86	4.06	-4.29	23
-176.86	51.52	46	3.64	-2.54	-1.11	2.18	0.23	-0.91	23
-171.01	52.09	32	5.14	-4.78	-0.37	3.7	2.21	-2.61	24
-177.67	51.49	41	3.87	-1.08	-2.8	0.56	2.78	-4.28	23
-176.18	50.92	26	2.4	-2.35	-0.05	3.62	3.27	-0.84	23
-177.71	51.46	53	2.12	-1.92	-0.2	1.61	3.65	-0.29	23
-176.56	51.4	60	3.15	-1.21	-1.94	2.25	2.05	-2.18	23
-166.88	52.86	44	1.63	-0.74	-0.89	0.99	0.69	-1.0	24
-170.45	64.9	15	1.65	-0.1	-1.55	-1.62	0.23	-2.05	23
-178.02	51.43	42	7.5	-7.28	-0.23	5.95	4.77	-3.25	24
-178.18	51.42	38	5.96	-5.44	-0.52	4.66	6.71	-1.33	23
-177.72	51.33	26	3.66	-2.59	-1.07	4.75	4.68	-2.1	23
-176.64	51.45	53	3.0	-2.83	-0.17	3.88	2.34	-2.07	23
-178.07	51.47	47	1.55	0.35	-1.9	-0.64	-0.92	-0.36	24
-178.1	51.55	37	3.81	-3.16	-0.66	3.56	3.07	-0.59	23
-174.15	51.47	15	5.71	-4.46	-1.25	4.66	-1.33	-2.23	23
-144.96	63.56	15	3.53	-4.83	1.3	1.05	-1.67	-0.67	24
-178.28	51.26	37	3.64	-3.12	-0.52	3.93	4.79	-2.66	23
-175.3	51.81	49	4.01	-3.59	-0.41	2.95	3.02	-2.56	23
-163.05	53.89	25	3.97	-2.49	-1.48	-1.5	1.98	6.21	23
-151.54	56.14	33	0.72	-0.98	0.27	1.42	0.63	-1.06	24
-163.18	53.11	40	1.86	-1.85	-0.01	3.04	1.73	-2.34	23
-177.79	51.51	41	2.55	-2.2	-0.35	2.07	1.86	-1.02	24
-152.84	55.82	47	1.67	-2.26	0.58	6.67	5.82	-2.87	23
-166.06	53.23	74	6.82	-3.73	-3.09	-1.62	-0.55	3.57	23
-177.75	51.2	47	0.6	-1.29	0.69	1.35	0.71	0.31	24
-173.6	51.81	41	2.94	-2.66	-0.28	1.83	0.97	-1.5	24
-171.6	52.01	33	1.37	-1.28	-0.09	0.83	0.56	-0.51	24
-170.56	51.79	17	6.46	-5.2	-1.25	8.36	4.09	-3.49	24
-173.85	51.44	16	5.8	-5.01	-0.79	7.98	5.55	-2.83	23
-178.01	51.34	58	2.65	-2.77	0.12	4.05	2.4	-1.41	23
-178.58	51.42	72	2.95	-3.42	0.47	2.59	2.88	-3.18	23
-178.29	51.36	36	4.85	-4.64	-0.21	3.33	2.7	-2.14	24
-167.37	52.33	19	0.95	-0.8	-0.15	1.02	0.43	-0.4	25
-179.51	51.21	15	0.66	-0.81	0.15	1.78	1.73	-0.39	24
-170.32	51.95	32	5.85	-4.81	-1.04	4.86	3.4	-2.55	23
-173.21	51.91	54	3.19	-3.57	0.38	1.56	-2.13	-1.74	23
-175.04	51.59	56	4.88	-4.91	0.04	2.53	1.92	-2.26	23
-176.66	51.45	15	1.85	-1.49	-0.36	4.14	1.04	-1.94	25
-173.52	51.43	34	5.92	-4.58	-1.34	3.76	-0.09	0.93	23
-175.86	51.64	62	6.42	-5.41	-1.02	1.33	2.36	-3.12	23
-170.15	52.22	50	9.01	-8.71	-0.3	5.58	4.75	-4.41	23
-170.13	52.22	46	4.67	-4.54	-0.13	3.26	0.62	-2.16	23
-169.91	51.91	15	5.45	-4.7	-0.75	4.88	0.75	-2.54	23
-170.02	51.78	33	3.6	-3.59	-0.01	3.6	1.48	-1.75	23
-160.24	54.26	32	1.28	-1.19	-0.09	0.93	0.67	-0.89	24
-168.47	52.1	15	4.98	-4.11	-0.87	5.23	2.54	-2.17	24
-168.84	52.1	28	9.3	-7.86	-1.45	7.52	4.52	-4.71	23
-169.03	52.3	15	2.82	-1.64	-1.18	5.99	7.0	-1.9	23
-168.92	51.9	31	1.75	-4.18	2.43	6.47	0.87	-1.14	23
-168.41	52.43	50	7.27	-7.82	0.56	4.2	1.52	-1.93	23
-170.39	51.83	27	7.17	-7.14	-0.03	6.35	4.72	-2.98	23
-169.83	52.0	15	5.93	-5.22	-0.71	8.25	6.18	-3.64	23
-174.13	52.07	155	2.8	-3.79	1.0	1.82	-1.67	-3.36	23
-172.92	51.57	20	1.03	-0.98	-0.05	1.1	0.43	-0.37	25
-177.98	51.43	42	4.45	-3.78	-0.66	4.99	3.99	-1.61	23
-177.58	51.1	41	2.68	-3.94	1.26	5.63	9.22	-3.42	23
-163.31	53.48	32	0.71	-0.78	0.06	1.07	0.72	-0.54	24
-163.58	53.35	32	0.76	-0.71	-0.05	1.12	1.17	-0.14	24
-176.23	51.29	26	3.82	-4.19	0.37	6.43	4.84	-1.7	23
-152.07	56.73	33	-0.27	-0.31	0.58	2.96	2.37	-0.81	24
-179.36	51.32	31	3.63	-3.15	-0.48	1.77	2.03	-2.87	23
-162.88	54.29	15	2.5	-2.32	-0.18	5.46	3.15	-1.61	23
-164.31	52.88	15	8.86	-7.89	-0.98	7.67	5.91	-3.89	23
-169.5	52.1	18	3.53	-1.92	-1.61	3.49	3.79	-3.43	23
-169.37	52.05	15	3.58	-2.64	-0.93	3.95	1.73	-1.97	24
-147.34	56.35	23	6.36	-7.2	0.84	3.75	-6.33	4.66	24
-169.1	52.86	51	5.23	-4.47	-0.76	-7.53	0.34	2.91	25
-161.83	54.02	30	5.54	-5.16	-0.38	2.62	-0.68	-2.03	23
-177.3	51.67	43	2.09	-2.2	0.11	1.25	0.97	-0.56	26
-162.84	53.82	15	3.72	-1.27	-2.44	2.59	1.61	-1.61	23
-151.48	59.16	68	4.25	-4.59	0.34	-0.87	-1.94	-1.04	24
-152.86	56.48	15	1.75	-0.45	-1.31	1.27	4.01	-0.53	23
-152.58	56.21	19	0.73	-0.51	-0.22	2.05	1.1	-0.43	25
-165.8	52.94	69	0.71	-0.67	-0.05	0.51	1.1	-0.64	24
-137.37	58.49	15	1.69	-2.98	1.3	0.58	1.83	0.45	24
-163.82	53.57	31	3.44	-2.82	-0.62	3.35	2.17	-1.44	24
-176.09	51.51	34	5.98	-5.02	-0.96	5.65	3.57	-2.71	24
-173.27	52.12	58	9.68	-7.81	-1.87	2.21	2.79	-3.27	23
-169.61	52.07	15	3.73	-1.57	-2.16	4.43	-1.83	-2.26	23
-169.61	51.93	17	1.48	-1.16	-0.32	1.25	0.99	-0.97	24
-169.46	52.01	15	3.94	-3.2	-0.74	4.42	1.83	-2.25	24
-160.75	54.48	34	3.12	-2.65	-0.47	3.22	2.18	-1.52	25
-160.4	54.19	32	9.0	-7.94	-1.06	7.24	5.38	-4.14	23
-179.1	51.02	48	3.76	-3.2	-0.56	-0.83	-2.27	-1.14	23
-160.49	54.26	32	1.93	-1.81	-0.12	1.87	0.88	-1.22	24
-175.5	51.54	38	4.46	-4.48	0.01	3.18	1.33	-1.4	24
-175.47	51.41	33	5.61	-5.66	0.04	2.01	1.78	-1.73	23
-177.77	51.16	55	1.06	-0.9	-0.15	0.06	0.27	0.16	24
-149.29	57.47	15	1.52	-2.63	1.11	0.02	0.6	0.09	24
-178.34	51.57	37	3.77	-2.95	-0.82	3.32	1.24	-1.03	23
-145.2	60.83	33	0.55	0.06	-0.61	4.42	0.26	-0.75	23
-145.6	60.15	15	0.4	-0.43	0.04	1.4	0.75	-0.27	24
-170.61	51.92	31	3.01	-2.26	-0.75	2.82	7.06	-3.48	23
-178.02	51.35	35	8.59	-7.96	-0.63	5.42	4.89	-3.44	24
-174.18	51.48	33	1.02	-0.89	-0.13	0.58	1.72	-1.62	23
-139.48	59.7	15	8.14	-2.47	-5.67	7.68	4.61	5.81	23
-177.92	51.62	43	2.12	-1.71	-0.42	1.62	1.0	-1.34	24
-166.91	52.41	19	0.98	-1.05	0.07	1.11	0.49	-0.4	24
-178.0	51.42	47	3.36	-3.01	-0.36	1.39	1.19	-0.95	23
-179.93	51.41	42	6.13	-5.14	-0.99	4.78	2.34	-3.52	24
-179.52	51.15	18	4.48	-3.19	-1.29	1.45	-2.15	-0.36	23
-177.39	51.07	15	3.1	-1.64	-1.46	1.17	4.37	-0.96	23
-178.21	51.5	52	6.94	-6.72	-0.22	4.27	3.18	-2.0	23
-139.34	58.22	15	2.57	1.16	-3.73	-7.64	-0.74	1.71	23
-152.81	55.74	22	2.22	-2.37	0.15	4.25	2.94	-1.37	24
-177.8	51.58	49	3.43	-2.8	-0.63	0.86	1.27	-1.58	24
-167.99	52.34	24	4.34	-4.44	0.1	3.71	3.19	-1.93	24
-153.56	56.99	21	0.81	-0.57	-0.24	2.75	1.56	-0.54	26
-177.5	51.45	37	7.5	-6.87	-0.63	6.23	3.61	-3.6	24
-153.63	56.51	25	2.16	-1.11	-1.05	5.91	6.44	-0.96	23
-119.36	56.38	15	8.65	-8.6	-0.05	0.19	-1.74	2.12	23
-179.68	51.31	35	6.42	-6.41	-0.01	5.62	1.17	-2.72	24
-179.31	51.14	41	6.57	-5.74	-0.83	1.77	1.18	-4.5	23
-164.29	53.48	41	1.89	-1.44	-0.46	0.91	0.16	0.45	24
-179.58	51.27	20	1.12	-1.2	0.08	1.51	0.86	-0.6	24
-179.87	51.19	18	3.96	-4.07	0.11	4.58	2.22	-1.21	25
-158.93	54.78	33	1.25	-0.94	-0.3	1.52	0.9	-0.83	24
-140.31	61.47	15	3.27	-2.38	-0.9	1.08	0.9	1.76	24
-179.17	51.17	16	0.54	-0.56	0.03	1.13	0.09	-0.03	24
-163.76	53.33	15	1.48	-0.93	-0.55	5.15	3.12	-0.9	23
-177.76	51.32	34	0.83	-0.64	-0.19	1.21	0.69	-0.44	24
-155.11	57.63	122	3.86	-3.44	-0.42	1.17	-1.23	1.07	23
-169.2	52.48	16	3.6	-1.95	-1.65	3.98	1.92	-1.42	23
-169.33	52.34	35	1.84	-1.71	-0.13	1.66	1.09	-1.14	24
-175.3	51.78	45	1.9	-1.67	-0.23	1.22	0.96	-1.07	24
-154.02	55.45	49	1.44	-1.96	0.52	3.56	1.25	-2.95	23
-132.18	52.64	15	1.05	-0.68	-0.37	0.72	-0.48	0.54	25
-166.9	52.91	15	3.46	-2.26	-1.2	4.26	4.72	-1.32	23
-174.74	51.57	17	4.14	-3.04	-1.1	8.4	4.92	-0.87	23
-174.9	51.34	32	1.73	-1.63	-0.1	1.51	1.02	-0.69	24
-178.32	51.52	48	7.62	-7.36	-0.26	6.97	5.72	-1.98	23
-162.21	54.03	36	1.8	-1.8	-0.01	1.59	0.9	-0.92	24
-171.78	52.24	65	5.3	-5.98	0.69	4.88	3.09	-2.75	23
-171.1	52.08	37	2.73	-1.94	-0.79	1.82	1.05	-1.14	24
-171.11	52.01	17	7.27	-6.14	-1.13	9.85	3.68	-3.11	23
-167.01	53.5	109	0.42	-1.04	0.63	-6.46	-2.85	0.37	23
-146.41	60.67	18	2.74	-1.96	-0.78	1.3	1.23	-0.99	23
-166.75	52.93	17	0.96	-0.3	-0.66	0.86	1.07	-0.63	24
-173.18	51.68	16	5.15	-4.66	-0.49	5.9	2.53	-1.94	24
-173.19	51.58	18	4.33	-3.31	-1.02	3.63	1.65	-1.46	23
-173.37	51.74	16	4.1	-4.05	-0.05	4.3	3.08	-1.48	24
-169.87	52.53	24	3.36	0.47	-3.83	2.65	6.93	-4.62	23
-177.68	51.22	17	1.61	-1.37	-0.23	1.72	0.53	-0.6	24
-177.37	50.9	34	3.8	-3.01	-0.8	-1.12	0.92	2.56	23
-160.33	53.33	15	1.94	-1.96	0.03	2.88	1.03	-0.66	25
-177.8	51.11	27	5.59	-4.56	-1.03	5.9	2.52	-3.19	23
-178.1	51.5	40	3.58	-3.26	-0.32	1.14	2.5	-0.46	23
-163.63	53.5	15	3.4	-3.08	-0.32	2.98	1.56	-0.71	23
-173.61	51.62	34	0.12	-0.55	0.43	4.5	3.44	-0.83	23
-145.5	63.32	15	2.38	-1.97	-0.4	1.76	1.14	-0.55	23
-141.82	62.22	15	3.14	-3.25	0.11	-1.64	2.07	-0.23	23
-148.29	63.41	15	3.33	-1.78	-1.55	4.12	-1.57	-2.37	23
-173.48	51.49	20	1.15	-1.09	-0.07	0.96	0.44	-0.39	25
-173.52	51.49	25	5.24	-4.51	-0.74	5.53	0.36	-2.02	23
-160.43	54.36	32	2.31	-2.05	-0.25	1.66	1.22	-1.31	24
-145.47	63.33	15	1.36	-0.36	-1.0	5.28	-3.94	0.53	23
-168.68	51.87	32	0.63	-0.62	-0.0	0.37	0.42	-0.23	24
-171.56	51.99	39	1.81	-1.81	0.0	0.95	-0.47	0.19	24
-145.84	63.41	15	4.35	-3.44	-0.92	-0.92	2.64	2.76	23
-170.15	52.06	40	1.82	-1.84	0.02	1.23	-0.28	-0.01	24
-164.53	53.41	28	0.64	-0.56	-0.09	0.68	0.37	-0.28	26
-167.71	53.09	56	2.04	-1.65	-0.38	-2.93	0.41	0.22	23
-156.65	58.36	204	0.22	0.09	-0.31	-0.33	0.9	-0.03	24
-179.07	51.24	37	0.56	-0.59	0.03	0.53	0.43	-0.19	24
-168.3	52.11	24	0.9	-0.7	-0.19	1.04	0.89	-0.82	24
-174.06	51.87	68	0.12	0.19	-0.31	-0.8	-0.46	-0.17	24
-153.43	55.74	18	1.35	-1.1	-0.25	2.74	1.33	-0.89	24
-171.34	51.57	18	0.63	-0.52	-0.11	0.39	0.43	-0.29	24
-166.88	52.54	15	4.96	-2.7	-2.26	1.64	-0.76	-0.82	23
-163.19	53.22	30	3.22	-3.22	-0.01	2.45	1.39	-2.01	24
-179.19	51.2	31	1.44	-1.64	0.2	1.08	0.93	-0.3	25
-173.67	51.94	37	2.49	-2.13	-0.36	2.71	1.25	-0.77	23
-121.15	35.75	15	0.74	-0.61	-0.13	0.31	-0.18	0.34	26
-163.1	53.54	30	3.25	-2.62	-0.64	1.67	-0.27	-1.61	23
-121.35	36.03	12	0.95	-0.94	-0.01	-0.62	-1.04	0.49	23
-163.78	54.32	67	1.54	-0.75	-0.79	-1.28	-0.73	1.33	24
-151.27	61.78	101	2.34	-0.99	-1.35	-1.44	3.42	1.11	23
-124.71	44.3	20	1.96	0.05	-2.01	0.25	-1.65	-0.4	23
-176.76	51.52	50	2.97	-2.38	-0.59	1.14	1.48	-1.3	23
-176.35	51.64	41	1.03	-0.69	-0.34	-0.09	0.28	-0.16	24
-157.81	55.14	32	4.75	-3.83	-0.93	6.11	2.66	-3.51	23
-173.98	51.0	34	3.33	-1.63	-1.7	1.2	0.73	-0.56	23
-174.16	51.33	19	2.33	-1.35	-0.99	2.07	1.29	-1.35	23
-178.67	51.1	33	2.7	-2.48	-0.22	2.24	0.82	-1.01	23
-178.71	51.06	33	3.11	-2.92	-0.19	2.26	1.21	-1.08	23
-179.06	51.27	34	1.32	-0.95	-0.37	0.73	0.51	-0.4	23
-119.18	35.03	12	2.57	-2.81	0.24	3.02	4.85	-1.57	23
-178.3	51.08	27	0.48	-0.57	0.09	0.5	0.56	-0.22	25
-169.39	51.96	16	0.57	-0.41	-0.16	0.76	0.02	-0.28	24
-169.46	51.97	19	2.08	-1.59	-0.49	1.0	0.22	-0.84	23
-178.31	51.24	30	3.47	-2.89	-0.58	2.14	2.81	-1.94	23
-168.47	52.95	60	2.17	-1.54	-0.63	-1.41	0.58	0.88	24
-177.93	51.16	30	2.96	-2.88	-0.08	4.03	2.1	-1.21	24
-143.65	63.2	17	2.18	-0.58	-1.6	-0.61	-0.48	0.73	23
-167.04	52.42	18	2.42	-1.96	-0.46	2.46	0.55	-0.59	23
-178.31	51.21	39	3.79	-3.12	-0.67	1.68	1.91	-1.84	23
-169.04	52.0	15	1.95	-1.6	-0.35	2.86	1.1	-0.87	24
-169.2	51.86	30	1.42	-1.9	0.48	1.21	0.39	-0.78	23
-168.43	52.96	52	1.88	-2.25	0.37	-3.65	-0.58	1.65	23
-160.83	53.92	29	1.96	-1.56	-0.4	0.59	-0.23	-0.49	23
-163.93	53.75	32	1.32	-1.14	-0.18	1.36	0.83	-0.76	25
-163.91	53.76	36	2.85	-2.71	-0.13	2.26	1.5	-1.72	24
-163.97	53.74	40	1.48	-0.27	-1.21	0.01	0.82	-1.39	23
-176.1	51.31	35	1.43	-1.34	-0.09	1.01	0.37	-0.51	24
-177.87	51.38	53	1.33	-0.44	-0.89	0.03	0.29	0.16	23
-129.25	65.03	12	1.91	-1.71	-0.21	0.22	-0.35	0.67	24
-164.01	53.72	34	2.17	-0.87	-1.31	-0.31	0.5	-0.89	23
-179.23	51.02	33	2.31	-2.3	-0.02	1.47	1.52	-0.79	23
-166.99	52.49	19	1.97	-0.9	-1.07	0.92	0.35	-0.63	23
-169.19	52.21	30	3.78	-3.3	-0.48	3.25	1.26	-1.47	25
-169.14	52.48	43	0.81	-0.75	-0.06	0.24	0.41	-0.28	24
-169.0	52.22	32	1.63	-1.27	-0.36	0.82	0.07	-0.5	23
-179.24	50.98	21	1.57	-1.62	0.05	1.3	0.77	-0.45	24
-179.32	50.98	21	1.63	-1.65	0.02	1.51	0.98	-0.49	24
-179.32	50.93	21	2.08	-2.08	-0.0	1.74	1.03	-0.56	24
-179.37	50.96	21	3.86	-3.65	-0.21	3.25	2.1	-1.24	23
-179.43	51.01	21	4.48	-4.25	-0.23	3.86	2.17	-1.42	23
-179.53	50.98	30	2.07	-1.88	-0.19	1.16	0.23	-0.41	23
-179.12	51.04	28	0.62	-0.65	0.03	0.62	0.43	-0.21	26
-179.27	50.81	27	0.75	-0.71	-0.04	0.57	0.23	-0.14	24
-179.17	50.95	18	1.04	-1.09	0.05	1.16	0.61	-0.37	24
-179.23	50.95	19	0.93	-1.01	0.08	0.91	0.55	-0.28	24
-179.11	51.03	28	5.15	-5.22	0.08	4.79	3.24	-1.65	23
-179.1	51.06	32	1.93	-1.52	-0.41	1.25	0.35	-0.31	23
-178.83	51.14	24	1.09	-1.3	0.21	0.87	0.98	-0.58	23
-178.95	50.9	36	1.89	-1.9	0.01	0.97	0.67	-0.68	23
-178.96	50.97	31	2.6	-2.64	0.04	2.21	1.22	-0.77	23
-179.42	51.2	22	1.7	-1.84	0.14	3.99	0.34	0.42	24
-179.47	51.09	34	3.86	-4.39	0.53	3.16	0.37	0.28	24
-166.16	53.88	76	2.01	-4.48	2.46	-6.61	-1.8	2.88	24
-173.87	51.49	20	3.35	-3.28	-0.07	3.89	1.52	-1.13	24
-174.74	51.33	19	2.77	-2.23	-0.55	2.5	1.4	-1.03	23
-163.79	53.35	19	1.5	-1.29	-0.2	1.77	0.58	-0.87	24
-163.54	53.46	19	3.09	-2.21	-0.88	3.23	0.7	-1.41	23
-155.89	55.37	22	1.2	-1.49	0.29	4.59	3.3	-0.92	24
-137.18	59.47	16	3.39	-1.92	-1.47	1.15	-2.46	2.77	24
-173.56	51.42	18	3.44	-2.91	-0.53	2.16	0.62	-0.76	23
-175.18	51.49	43	3.64	-2.97	-0.67	1.91	1.31	-1.53	23
-178.34	51.21	40	0.86	-0.82	-0.04	0.36	0.35	-0.41	24
-168.01	52.2	18	0.94	-0.54	-0.4	0.68	0.59	-0.41	24
-177.61	51.31	37	2.91	-2.48	-0.43	1.43	1.33	-1.09	23
-163.67	53.49	17	1.3	-0.37	-0.93	1.38	0.96	-1.47	23
-173.49	51.47	25	5.03	-4.96	-0.07	3.76	2.33	-2.38	23
-163.45	53.48	26	1.61	-0.86	-0.75	1.88	-0.01	-1.59	23
-170.45	52.18	53	2.29	-1.64	-0.66	0.78	0.75	-1.37	23
-175.96	51.56	50	0.93	-0.82	-0.11	0.39	0.36	-0.39	25
-170.41	52.09	53	2.66	-2.87	0.22	0.64	0.81	-1.12	23
-167.9	52.3	15	1.16	-0.81	-0.35	1.06	0.56	-0.62	25
-167.92	52.29	15	4.72	-2.58	-2.14	4.15	4.94	-2.64	24
-179.73	51.1	32	1.05	-1.08	0.03	0.81	0.75	-0.4	26
-179.87	50.92	28	2.87	-2.38	-0.5	1.36	1.08	-0.49	24
-179.68	51.04	30	4.14	-3.67	-0.47	2.51	1.72	-1.42	23
-178.45	51.28	34	2.05	-2.07	0.03	1.07	1.3	-0.81	23
-161.46	54.18	40	2.76	-2.65	-0.11	2.66	0.75	-1.04	25
-161.55	54.26	49	1.16	-1.36	0.2	0.91	0.19	-0.1	24
-178.22	51.32	45	3.1	-2.69	-0.4	0.84	1.37	-1.22	23
-161.65	54.11	52	1.39	-1.85	0.46	1.02	0.23	-0.1	24
-178.33	51.14	40	0.99	-1.05	0.06	0.56	0.62	-0.35	25
-179.27	51.02	28	4.15	-4.41	0.26	4.96	2.82	-1.02	26
-179.42	51.05	35	2.46	-1.99	-0.47	1.18	1.13	-0.68	24
-178.87	51.04	29	3.03	-2.71	-0.32	2.16	1.3	-0.8	23
-178.92	51.03	30	2.4	-2.43	0.04	1.83	1.03	-0.75	23
-178.88	51.07	32	2.03	-2.04	0.01	1.93	1.11	-0.55	25
-168.1	52.21	14	2.92	-2.29	-0.63	2.77	1.51	-1.21	25
-168.3	52.12	13	2.35	-1.92	-0.42	2.34	1.08	-1.02	24
-168.27	52.14	13	1.26	-0.94	-0.32	1.04	0.47	-0.52	24
-168.24	52.19	14	0.71	-0.5	-0.21	0.53	0.24	-0.35	24
-168.18	52.17	18	4.52	-3.87	-0.64	5.69	2.1	-1.59	24
-170.24	51.67	21	3.67	-2.97	-0.7	2.4	-0.36	-0.69	23
-179.34	51.03	26	1.25	-1.37	0.13	1.38	2.53	-1.17	24
-178.91	51.16	31	3.56	-2.97	-0.59	1.39	0.75	-0.56	23
-167.32	52.73	37	2.17	-1.32	-0.85	1.26	0.83	-1.2	23
-168.62	52.11	21	3.75	-2.59	-1.16	1.84	-0.15	-1.12	23
-177.2	50.95	20	1.32	-1.0	-0.32	0.91	0.63	-0.42	24
-169.37	51.96	18	2.22	-1.37	-0.85	2.37	0.64	-1.6	24
-162.52	54.23	15	0.34	-0.27	-0.06	1.28	0.46	-0.13	24
-173.5	51.47	19	2.34	-2.11	-0.23	1.76	-0.25	-0.27	23
-168.4	52.15	19	0.61	-0.38	-0.23	0.58	0.23	-0.27	24
-168.53	52.18	21	3.98	-2.55	-1.44	2.45	0.62	-1.64	23
-161.57	54.27	46	4.58	-4.65	0.07	3.45	0.91	-0.53	23
-170.59	51.75	18	4.09	-3.74	-0.34	4.54	0.0	-1.11	23
-176.19	51.39	40	5.37	-4.64	-0.73	2.66	2.38	-2.03	23
-153.27	55.59	15	3.74	-2.66	-1.08	6.44	3.78	-2.19	24
-169.55	51.98	21	2.64	-1.95	-0.69	2.17	0.5	-1.2	23
-179.1	51.01	18	5.57	-5.45	-0.12	4.28	3.84	-1.59	23
-169.92	51.82	16	1.09	-0.81	-0.28	1.19	0.31	-0.47	24
-168.16	52.23	16	3.01	-2.47	-0.54	2.3	0.93	-1.05	23
-176.95	51.77	69	0.19	-0.11	-0.09	-1.0	-0.1	-0.3	24
-176.18	51.42	36	0.73	-0.61	-0.12	0.48	0.45	-0.38	24
-178.85	51.16	35	4.88	-5.34	0.46	2.76	1.14	-0.75	23
-178.26	51.29	42	1.14	-1.22	0.08	0.44	0.57	-0.41	24
-163.62	53.36	26	0.49	-0.76	0.27	0.97	0.54	-0.5	24
-170.61	51.92	21	5.07	-5.21	0.15	4.29	2.11	-2.61	23
-179.75	51.03	30	2.37	-2.04	-0.33	1.29	0.87	-0.66	23
-178.14	51.29	42	5.9	-5.83	-0.08	2.54	3.03	-2.62	23
-175.1	51.57	42	2.61	-2.24	-0.37	1.2	1.01	-1.23	23
-167.05	52.58	19	2.7	-1.91	-0.79	1.46	-0.05	-0.87	23
-173.38	51.66	24	1.15	0.02	-1.17	-0.7	3.86	-2.1	23
-174.32	51.44	21	2.55	-2.09	-0.47	2.02	0.68	-0.93	23
-174.42	51.4	21	4.17	-3.79	-0.38	3.22	1.27	-1.3	23
-174.41	51.37	18	0.9	-0.83	-0.07	0.75	0.39	-0.35	24
-174.51	51.33	18	3.93	-3.78	-0.15	4.25	0.76	-0.94	23
-174.39	51.39	18	0.6	-0.56	-0.04	0.52	0.25	-0.23	24
-174.34	51.39	19	3.62	-3.04	-0.58	2.61	0.93	-1.12	23
-174.49	51.38	20	1.16	-1.03	-0.13	0.88	0.43	-0.42	25
-170.56	51.83	17	0.66	-0.76	0.1	0.81	0.48	-0.14	24
-175.03	51.3	18	0.83	-0.75	-0.08	0.53	0.26	-0.29	24
-163.58	53.41	15	4.73	-2.86	-1.87	4.87	2.97	-3.74	23
-171.12	51.9	34	4.82	-3.21	-1.61	2.52	4.36	-3.52	24
-138.55	61.07	21	3.65	-2.7	-0.95	-2.5	1.01	1.65	23
-152.29	56.11	12	2.16	-2.08	-0.08	7.25	3.21	-2.0	23
-152.64	56.26	12	0.03	-0.06	0.03	1.17	0.74	-0.06	25
-177.93	51.33	41	4.05	-3.52	-0.54	1.72	1.89	-1.6	24
-177.99	51.28	43	4.4	-4.01	-0.39	1.74	1.86	-1.66	24
-152.12	56.0	32	2.45	-1.43	-1.02	2.22	1.71	-2.02	23
-173.28	52.0	63	0.77	-0.74	-0.03	0.05	0.26	-0.34	24
-161.52	54.53	21	0.27	-0.22	-0.05	2.63	0.93	-0.22	24
-151.99	56.15	13	1.22	-0.88	-0.34	2.23	0.12	-0.97	23
-151.88	56.23	12	4.36	-3.11	-1.25	7.08	3.2	-2.31	23
-151.87	56.22	12	0.46	-0.32	-0.14	0.75	0.3	-0.24	24
-152.01	56.11	12	3.91	-2.8	-1.1	6.85	3.77	-2.1	24
-152.05	56.17	14	0.8	-0.52	-0.28	0.72	0.5	-0.39	24
-162.35	53.96	36	0.86	-0.68	-0.18	0.61	0.36	-0.48	24
-136.81	58.81	21	3.39	0.63	-4.01	1.1	1.05	0.24	23
-175.09	51.46	32	2.79	-2.53	-0.26	1.76	1.19	-1.2	24
-178.13	51.27	17	1.47	-1.54	0.07	4.32	1.02	0.16	24
-178.01	51.15	33	1.33	-1.31	-0.02	0.88	0.7	-0.56	24
-178.06	51.18	31	4.07	-4.92	0.86	3.18	3.13	-1.92	23
-143.74	59.32	12	2.81	-2.32	-0.49	2.13	0.57	-1.03	24
-169.36	52.12	17	5.29	-4.68	-0.61	3.42	0.95	-1.92	23
-178.07	51.16	34	0.56	-0.71	0.15	0.44	0.37	0.03	24
-166.99	52.54	13	3.3	-3.01	-0.28	3.3	1.68	-1.34	25
-167.15	52.41	22	1.19	-0.86	-0.33	0.64	0.06	-0.31	24
-167.2	52.44	12	2.74	-2.6	-0.14	3.48	1.79	-0.88	25
-166.87	52.75	20	1.75	-1.83	0.07	1.83	0.11	-0.47	24
-168.39	52.03	23	4.75	-3.94	-0.81	1.99	1.27	-0.92	23
-165.26	53.33	39	0.88	-0.76	-0.12	0.51	0.38	-0.44	24
-176.74	51.47	49	4.97	-4.82	-0.15	1.28	2.17	-1.91	23
-179.87	51.28	45	5.39	-4.89	-0.5	2.58	2.19	-2.36	24
-152.38	56.19	16	0.37	-0.33	-0.04	0.99	0.54	-0.32	24
-171.31	51.94	25	1.58	-1.78	0.2	2.45	4.83	-2.06	23
-161.43	54.55	20	2.61	-2.14	-0.47	6.05	2.03	-0.73	23
-153.39	58.62	114	1.36	-2.25	0.89	2.57	1.26	0.68	23
-162.89	53.56	18	3.72	-3.68	-0.04	3.8	1.52	-1.45	23
-175.89	51.71	58	2.33	-2.05	-0.28	0.74	0.93	-0.93	23
-173.58	51.48	18	5.16	-4.84	-0.32	4.62	1.78	-1.35	24
-173.27	51.42	20	1.95	-1.52	-0.43	1.73	1.01	-0.47	23
-175.25	51.56	43	3.96	-3.67	-0.29	1.86	1.99	-1.49	23
-160.88	54.24	38	2.94	-2.44	-0.5	2.48	1.48	-1.75	24
-175.19	51.61	41	4.19	-4.19	0.01	2.15	2.21	-1.81	23
-163.12	53.76	31	2.21	-1.43	-0.78	1.15	1.49	-1.33	23
-163.24	53.51	17	1.01	-0.89	-0.12	1.12	0.55	-0.55	24
-156.92	58.09	12	2.9	-2.0	-0.89	-0.03	0.12	-1.72	23
-169.82	51.87	22	2.95	-1.87	-1.09	1.57	-0.12	-0.91	23
-175.96	51.62	58	2.7	-2.53	-0.17	0.69	1.11	-1.12	24
-178.48	51.12	32	3.4	-3.42	0.02	2.66	2.28	-1.23	25
-178.56	51.22	31	1.04	-0.95	-0.09	0.79	0.81	-0.52	24
-178.45	51.17	44	1.56	-1.77	0.21	0.89	-1.18	0.91	24
-178.32	51.2	34	4.89	-3.81	-1.08	2.76	4.2	-3.43	23
-166.02	53.97	112	5.15	1.73	-6.88	3.01	2.07	1.82	23
-164.39	53.21	22	3.11	-2.52	-0.58	2.33	0.82	-1.82	23
-175.97	51.41	39	4.59	-4.27	-0.32	3.11	2.52	-1.76	25
-178.31	51.32	44	0.77	-0.79	0.02	0.32	0.29	-0.21	24
-166.94	52.56	16	4.48	-3.35	-1.14	4.56	1.79	-1.85	23
-175.4	51.26	18	3.43	-3.09	-0.34	2.82	1.72	-1.05	25
-175.32	51.24	18	0.83	-0.75	-0.08	0.86	0.48	-0.26	25
-175.15	51.19	17	2.9	-2.31	-0.59	2.67	1.96	-1.03	24
-175.3	51.3	21	4.28	-3.52	-0.76	2.76	0.85	-1.44	23
-175.05	51.29	18	5.47	-4.83	-0.64	3.74	2.35	-1.72	23
-175.3	51.31	21	1.69	-1.6	-0.09	1.33	0.3	-0.32	24
-175.28	51.31	19	0.7	-0.69	-0.0	0.6	0.12	-0.08	24
-176.4	51.01	15	1.25	-1.08	-0.17	1.2	0.97	-0.41	24
-176.62	51.14	17	5.13	-4.86	-0.27	4.24	2.9	-1.38	23
-176.63	51.58	49	0.8	-0.74	-0.07	0.31	0.36	-0.34	24
-169.44	51.94	17	1.37	-0.97	-0.4	1.22	0.38	-0.56	24
-169.46	51.96	17	3.32	-1.96	-1.36	2.81	2.45	-2.24	23
-169.4	51.96	16	0.71	-0.47	-0.25	0.83	0.2	-0.35	24
-169.16	51.92	24	2.6	-1.89	-0.7	2.1	1.24	-1.07	23
-163.18	53.51	23	3.2	-2.69	-0.51	3.04	1.21	-1.26	23
-176.1	51.11	19	5.47	-4.42	-1.05	4.54	2.2	-2.25	23
-176.26	51.07	23	2.69	-2.34	-0.35	1.22	0.4	-0.6	24
-176.17	51.07	23	1.67	-1.29	-0.38	0.72	0.34	-0.31	24
-176.18	51.13	17	3.51	-3.28	-0.23	5.59	4.58	-1.34	23
-176.22	51.18	18	0.6	-0.62	0.02	0.57	0.45	-0.15	24
-176.18	51.16	20	2.86	-2.35	-0.51	2.32	1.43	-1.1	23
-175.84	51.18	29	4.79	-3.07	-1.72	0.93	0.71	-0.92	23
-175.99	51.06	18	3.56	-2.56	-1.0	2.17	2.2	-1.11	23
-178.24	51.12	33	0.83	-0.62	-0.21	0.69	0.19	-0.29	24
-176.07	51.45	40	3.01	-2.77	-0.25	1.55	1.34	-1.12	23
-160.2	54.76	50	0.72	-0.62	-0.1	0.47	0.25	-0.37	25
-154.25	58.34	109	1.64	-2.1	0.46	-0.25	1.07	-0.24	23
-160.22	54.86	55	3.95	-3.21	-0.74	2.2	1.06	-1.68	24
-160.34	54.79	56	5.75	-5.53	-0.22	3.27	2.1	-2.8	24
-160.28	54.68	52	3.92	-2.76	-1.16	2.58	1.32	-1.61	23
-178.12	51.21	37	3.57	-3.29	-0.28	1.51	1.73	-1.24	23
-171.75	51.92	29	1.31	0.34	-1.66	5.72	2.94	-1.05	24
-171.82	51.84	36	3.84	-3.86	0.02	5.64	-0.11	-0.37	24
-171.96	51.98	17	0.21	-0.16	-0.06	1.64	0.28	-0.15	24
-157.71	55.12	44	4.51	-4.29	-0.22	3.86	1.63	-3.79	23
-161.07	54.5	46	1.72	-1.49	-0.23	1.11	0.78	-0.87	25
-161.02	54.65	51	4.26	-3.07	-1.19	2.19	1.2	-2.42	23
-161.29	54.71	43	1.87	-1.47	-0.41	2.7	1.91	-0.94	24
-151.3	62.17	107	0.58	-0.12	-0.46	-0.11	0.9	0.37	24
-171.56	51.91	39	1.21	0.7	-1.9	0.65	1.43	0.74	26
-138.1	59.15	13	1.54	-0.91	-0.63	-0.14	-0.57	0.92	23
-171.99	51.8	42	2.64	-2.71	0.07	3.04	0.21	-0.14	24
-126.17	63.61	12	7.13	-3.34	-3.78	-2.62	0.43	3.39	23
-171.72	52.04	42	4.46	0.28	-4.74	-1.32	-1.69	1.66	24
-171.52	51.84	37	1.65	0.42	-2.07	0.71	-0.92	0.6	24
-162.49	54.02	34	2.91	-2.46	-0.45	2.52	1.26	-1.58	24
-162.43	54.07	34	4.03	-3.28	-0.75	2.85	1.8	-1.9	23
-166.69	52.83	19	0.94	-0.33	-0.62	0.38	0.54	-0.52	24
-167.04	52.53	22	2.22	-1.67	-0.56	1.43	0.36	-0.56	23
-167.09	52.62	16	4.85	-4.36	-0.49	6.64	1.62	-1.82	23
-171.26	51.87	31	4.19	-1.09	-3.1	1.28	5.82	-3.64	23
-173.31	51.53	16	3.58	-3.03	-0.55	4.8	4.0	-1.1	23
-174.98	51.57	18	2.41	-0.83	-1.57	2.24	1.66	-1.53	23
-171.76	52.01	43	3.27	0.61	-3.88	1.11	2.09	0.75	23
-179.36	51.07	36	1.71	-1.8	0.1	0.92	0.9	-0.49	23
-176.49	51.62	50	1.47	-0.9	-0.56	0.57	0.61	-1.39	23
-177.63	51.19	39	4.44	-3.25	-1.19	1.56	1.98	-0.97	23
-153.18	56.16	31	2.57	-1.77	-0.8	1.98	1.51	-1.16	23
-157.75	57.22	12	1.56	-1.58	0.03	0.25	-0.89	-0.82	23
-167.32	52.39	13	1.56	-0.9	-0.66	1.41	1.02	-0.86	25
-176.99	50.97	21	1.97	-1.78	-0.2	0.87	0.59	-0.24	23
-177.15	51.16	27	3.32	-2.73	-0.58	1.12	-0.06	-1.05	23
-132.06	52.61	12	4.08	-2.53	-1.56	3.26	-1.78	2.4	27
-131.75	52.18	12	1.9	-3.32	1.42	0.1	0.9	-0.07	23
-179.71	51.06	32	2.62	-2.2	-0.42	1.01	1.3	-0.86	23
-132.07	52.56	29	1.63	-1.84	0.21	0.72	0.21	1.17	24
-132.33	52.94	20	2.71	-1.3	-1.42	0.36	-0.27	0.71	23
-170.56	52.26	46	3.98	-3.46	-0.52	1.71	1.69	-1.16	23
-170.6	52.23	42	3.74	-3.08	-0.66	1.46	1.5	-1.2	23
-153.06	60.71	140	2.02	-2.16	0.14	-2.81	1.0	1.24	23
-151.14	62.52	99	1.33	-1.22	-0.11	0.25	0.87	-0.9	23
-177.95	51.52	48	2.97	-2.45	-0.52	0.68	1.07	-1.38	24
-120.06	34.45	17	1.45	-1.91	0.46	1.42	-2.18	0.94	23
-123.96	62.11	21	2.58	-0.92	-1.66	-0.42	0.18	0.85	23
-179.98	51.23	34	4.29	-3.44	-0.85	1.86	1.97	-1.85	23
-165.43	54.42	124	0.75	-0.65	-0.1	-3.51	-2.17	-1.36	23
-175.12	51.44	27	2.52	-2.26	-0.25	2.18	1.17	-0.9	26
-175.06	51.07	30	1.31	-0.94	-0.37	0.76	0.13	-0.12	24
-175.3	51.45	12	0.42	-0.39	-0.03	1.09	0.16	-0.07	24
-174.87	51.3	19	0.91	-0.76	-0.15	0.85	0.35	-0.35	25
-174.79	51.2	29	2.08	-1.5	-0.59	0.85	0.35	-0.45	24
-174.93	51.31	21	0.74	-0.62	-0.12	0.52	0.18	-0.16	24
-174.81	51.31	20	1.3	-1.16	-0.14	1.14	0.57	-0.47	24
-174.91	51.33	24	6.12	-4.67	-1.45	2.1	0.59	-0.84	23
-175.26	51.36	16	1.49	-1.02	-0.47	5.88	0.75	-0.7	23
-175.12	51.26	17	0.81	-0.67	-0.13	0.77	0.59	-0.3	24
-174.82	51.37	21	5.61	-4.95	-0.66	3.97	2.35	-1.97	25
-174.65	51.37	22	0.71	-0.62	-0.08	0.47	0.22	-0.22	25
-174.91	51.36	22	1.14	-0.86	-0.28	0.76	0.25	-0.24	24
-174.77	51.44	25	4.64	-3.41	-1.23	3.47	1.48	-1.78	24
-174.85	51.41	26	0.95	-0.74	-0.21	1.09	0.24	-0.4	25
-166.69	53.02	42	0.78	-0.73	-0.05	0.41	0.12	-0.32	24
-174.54	51.4	20	3.43	-3.11	-0.33	3.0	1.08	-0.97	24
-174.43	51.29	34	4.18	-2.04	-2.14	1.31	1.18	-2.27	23
-174.35	51.37	25	2.84	-2.55	-0.3	1.72	1.3	-0.96	23
-174.46	51.36	19	0.99	-0.88	-0.11	0.79	0.5	-0.42	24
-174.95	51.5	29	1.63	-0.35	-1.29	1.83	-0.17	-1.34	23
-174.56	51.3	21	4.47	-3.82	-0.66	2.87	0.8	-1.31	23
-174.27	51.32	17	3.4	-3.19	-0.21	4.17	0.76	-0.79	23
-173.73	51.3	30	3.45	-2.18	-1.27	1.55	0.49	-0.55	23
-175.18	51.59	37	1.61	-1.34	-0.27	0.71	0.76	-0.54	23
-171.15	51.52	12	4.24	-3.57	-0.67	3.14	1.2	-1.65	23
-174.68	51.47	22	0.79	-0.78	-0.01	0.66	0.32	-0.19	24
-174.69	51.45	22	0.7	-0.67	-0.03	0.52	0.24	-0.24	25
-174.65	51.46	24	0.82	-0.72	-0.1	0.53	0.22	-0.21	24
-174.67	51.51	24	1.31	-1.21	-0.1	0.91	0.54	-0.49	25
-173.03	51.45	22	2.78	-2.19	-0.59	1.51	0.77	-0.82	23
-169.32	52.32	30	0.65	-0.56	-0.09	0.46	0.19	-0.26	24
-175.42	51.54	36	3.19	-2.7	-0.48	1.25	0.77	-0.14	23
-168.35	52.17	13	3.36	-3.2	-0.16	3.04	0.34	-0.67	23
-163.65	53.46	21	4.0	-3.96	-0.04	4.42	0.88	-1.56	23
-168.61	52.15	19	3.71	-2.87	-0.84	2.7	0.48	-1.51	23
-174.38	51.44	17	4.61	-4.55	-0.05	4.16	1.93	-1.59	23
-163.7	53.4	22	1.33	-1.06	-0.27	1.36	-0.71	-1.78	23
-157.7	55.2	38	4.21	-3.4	-0.81	4.27	1.82	-2.64	23
-159.92	54.67	38	0.73	-0.55	-0.17	0.52	0.26	-0.34	24
-179.1	51.19	32	2.11	-2.15	0.04	1.46	1.26	-0.87	24
-179.07	51.36	13	1.28	-1.48	0.2	1.98	3.1	-0.57	23
-175.21	51.58	40	3.71	-3.09	-0.62	1.55	1.39	-1.75	23
-178.04	51.22	22	2.63	-2.06	-0.57	0.63	0.37	-1.11	23
-163.52	53.48	18	2.83	-2.21	-0.63	2.41	0.7	-1.88	23
-179.17	51.18	30	1.65	-1.85	0.2	1.22	1.19	-0.6	24
-163.98	53.29	16	2.1	-1.72	-0.39	2.49	0.19	-0.92	23
-177.19	52.64	210	2.19	-2.31	0.11	2.12	-0.76	-1.92	23
-175.86	51.8	52	4.62	-3.82	-0.8	1.87	1.84	-1.85	23
-152.05	60.04	106	4.11	-6.13	2.03	-0.11	-1.16	0.14	24
-136.74	59.16	19	4.17	-0.69	-3.48	0.86	1.74	2.63	24
-171.31	51.89	31	1.57	-1.57	0.0	1.0	0.44	-0.56	24
-166.87	52.62	22	1.9	-1.48	-0.43	1.06	0.09	-1.2	23
-167.57	52.76	36	4.33	-4.43	0.1	2.94	-0.01	-1.27	23
-156.82	55.76	15	-0.0	-0.54	0.54	5.13	1.31	0.23	23
-172.86	51.37	23	3.3	-2.98	-0.32	1.92	0.29	-0.29	23
-176.72	51.54	46	4.57	-3.98	-0.58	1.43	2.06	-1.54	23
-177.74	51.51	15	1.7	-1.6	-0.1	8.78	2.36	-0.08	23
-136.15	59.33	18	2.56	-1.15	-1.41	0.0	-0.47	1.11	23
-168.57	52.18	15	2.1	-2.09	-0.0	1.38	0.37	-0.62	24
-168.61	52.14	20	1.09	-1.03	-0.06	0.79	0.19	-0.24	24
-169.16	52.35	33	3.44	-2.48	-0.96	1.87	1.23	-1.34	23
-175.02	51.71	41	3.19	-2.29	-0.9	2.85	0.98	-1.96	23
-169.41	52.12	27	2.67	-2.02	-0.65	2.21	-0.4	-0.82	23
-156.36	56.7	79	0.87	0.47	-1.34	1.63	1.7	0.25	23
-152.01	61.85	126	5.66	-6.19	0.54	-0.95	2.85	1.57	24
-163.62	53.46	19	3.41	-2.34	-1.07	3.55	1.5	-2.24	23
-170.44	51.91	18	2.41	-2.26	-0.16	2.07	0.55	-0.64	23
-173.76	51.26	17	3.63	-3.2	-0.43	3.63	1.28	-0.92	23
-169.42	52.21	27	1.99	-1.58	-0.4	1.82	0.88	-0.83	26
-169.19	52.1	31	0.81	-0.55	-0.26	0.23	0.08	-0.2	25
-169.31	52.03	18	1.41	-0.79	-0.62	0.96	0.59	-0.76	24
-169.31	52.26	34	5.39	-3.51	-1.88	2.03	0.52	-1.1	23
-169.32	52.0	17	0.93	-0.62	-0.3	0.77	0.22	-0.51	24
-169.6	51.94	17	2.13	-1.72	-0.41	1.36	-0.13	-0.66	23
-169.87	52.23	55	2.49	-3.45	0.96	2.19	-0.14	0.72	23
-169.49	51.94	17	2.81	-2.76	-0.05	2.83	1.6	-1.26	23
-174.44	51.4	21	3.24	-2.87	-0.37	1.54	1.64	-1.37	23
-169.52	52.26	31	4.1	-1.32	-2.78	4.32	3.98	-2.2	23
-168.78	52.08	21	3.25	-2.55	-0.7	2.72	1.35	-1.97	23
-175.07	51.6	41	2.83	-2.58	-0.25	1.4	1.49	-1.37	24
-175.1	51.63	40	2.55	-2.28	-0.27	1.43	1.27	-1.1	23
-174.83	51.32	20	2.39	-2.02	-0.37	1.78	0.73	-0.56	23
-174.85	51.28	22	3.27	-2.91	-0.36	2.05	0.86	-0.93	23
-174.3	51.38	23	4.51	-3.85	-0.67	2.79	1.61	-1.11	23
-174.33	51.42	18	3.38	-3.2	-0.18	3.77	2.35	-1.08	23
-174.27	51.39	17	1.66	-1.5	-0.16	1.72	1.02	-0.7	24
-174.16	51.35	30	4.79	-3.74	-1.06	2.77	1.56	-1.22	23
-174.34	51.47	19	2.04	-1.89	-0.15	1.74	1.54	-0.62	23
-174.28	51.2	32	4.64	-3.02	-1.62	2.2	0.56	-0.56	23
-169.48	51.97	15	0.8	-0.65	-0.15	0.83	0.29	-0.36	25
-169.4	51.9	15	1.84	-1.09	-0.75	3.7	0.98	-0.19	23
-168.4	52.16	20	0.77	-0.51	-0.26	0.54	0.26	-0.38	24
-168.34	52.09	29	3.89	-2.54	-1.35	2.03	0.06	-0.93	23
-159.4	54.78	35	3.38	-2.16	-1.23	2.7	1.17	-1.78	23
-173.33	51.55	17	5.49	-5.3	-0.19	4.56	2.2	-1.95	24
-173.22	51.44	21	0.89	-0.79	-0.1	0.77	0.3	-0.24	24
-173.3	51.44	23	3.08	-2.63	-0.45	2.0	0.75	-0.75	23
-169.43	52.13	21	1.22	-1.12	-0.1	0.95	0.29	-0.46	24
-169.37	52.11	24	3.72	-2.95	-0.76	1.84	0.32	-1.15	23
-172.85	51.43	18	2.02	-1.79	-0.23	2.27	0.89	-0.6	24
-172.9	51.48	19	4.01	-3.7	-0.3	3.82	1.46	-1.18	24
-173.02	51.55	16	3.78	-3.64	-0.15	4.07	1.79	-1.24	25
-172.71	51.49	18	2.28	-1.94	-0.34	1.05	0.5	-0.48	23
-167.72	52.69	34	0.75	-0.68	-0.08	0.47	0.18	-0.29	24
-175.24	51.59	39	3.82	-3.21	-0.6	1.67	1.5	-1.38	23
-173.94	51.46	16	2.33	-2.14	-0.19	2.62	1.09	-0.79	24
-173.82	51.38	16	2.96	-2.82	-0.14	3.22	1.32	-0.94	25
-173.9	51.52	13	1.54	-1.21	-0.33	0.83	1.15	-0.66	23
-173.8	51.52	15	1.38	-1.24	-0.14	0.94	0.48	-0.68	24
-173.51	51.47	17	4.86	-4.42	-0.44	4.28	2.29	-1.34	23
-174.13	51.4	16	0.96	-0.86	-0.1	1.03	0.44	-0.38	25
-168.63	52.11	19	3.97	-2.66	-1.32	2.42	1.49	-1.78	24
-168.54	52.06	16	1.93	-1.52	-0.4	2.33	0.9	-0.75	24
-157.66	57.22	12	2.54	-2.36	-0.18	-0.71	-0.23	-0.87	25
-169.45	51.91	35	2.66	-2.03	-0.63	2.44	0.0	-1.74	23
-174.01	51.39	19	4.68	-3.01	-1.67	3.47	2.65	-2.62	23
-150.93	63.18	138	0.95	-0.94	-0.01	0.33	0.61	-0.33	24
-167.83	52.36	21	1.48	-1.11	-0.37	1.17	0.45	-0.75	24
-176.74	51.47	43	4.29	-3.31	-0.98	1.87	1.38	-2.06	23
-163.24	53.48	27	2.49	-1.73	-0.76	2.15	1.42	-1.93	23
-166.68	52.82	18	1.37	-0.9	-0.47	1.09	0.57	-0.87	24
-158.18	55.87	13	1.63	-1.53	-0.1	-0.05	0.07	-0.74	23
-173.31	51.52	27	2.54	-1.49	-1.05	0.91	0.39	-0.68	23
-163.17	53.47	24	2.13	-1.93	-0.2	1.31	1.02	-0.71	23
-166.81	52.53	20	3.0	-1.79	-1.21	0.99	0.69	-1.14	23
-163.11	53.55	17	4.74	-3.65	-1.09	5.59	2.2	-2.53	24
-163.17	53.5	21	5.1	-4.32	-0.77	5.15	1.22	-1.74	23
-173.49	51.49	19	2.72	-2.37	-0.35	2.08	0.78	-0.87	23
-163.45	53.49	22	2.62	-2.23	-0.39	1.1	0.02	-1.25	23
-157.52	57.2	15	3.73	-3.35	-0.38	-0.77	-0.66	-1.29	23
-167.98	52.28	26	3.93	-2.29	-1.64	2.77	-0.31	-2.18	23
-150.93	63.21	143	0.25	-0.5	0.26	0.59	0.62	0.03	24
-173.21	52.12	58	0.81	-0.7	-0.12	0.07	0.19	-0.32	24
-170.31	52.11	38	2.47	-1.89	-0.59	1.16	0.31	-1.08	23
-170.35	52.08	37	4.24	-2.97	-1.27	1.61	1.5	-1.81	23
-157.37	57.31	12	1.98	-1.9	-0.08	0.04	-0.91	-0.9	23
-176.36	51.23	17	4.21	-4.27	0.06	5.72	1.72	-1.24	23
-176.19	51.23	20	3.23	-3.1	-0.14	1.98	1.22	-1.14	23
-176.24	51.23	19	3.39	-3.33	-0.06	1.71	-0.22	-0.93	24
-169.92	52.13	34	3.73	-1.75	-1.98	0.89	3.65	-2.98	23
-136.6	60.03	15	1.6	-0.91	-0.68	0.03	-0.79	1.94	25
-170.56	51.97	22	0.67	-0.62	-0.05	0.33	0.29	-0.22	24
-176.88	51.06	18	3.92	-3.67	-0.25	3.46	1.56	-1.32	24
-176.87	51.06	16	0.58	-0.55	-0.03	0.74	0.23	-0.17	25
-176.91	51.08	13	1.33	-1.29	-0.05	0.93	0.59	-0.48	24
-176.79	51.0	15	1.1	-1.11	0.01	0.88	0.42	-0.38	24
-152.51	56.71	24	0.69	-0.52	-0.17	1.37	0.47	-0.41	24
-170.44	51.89	16	0.52	-0.59	0.07	0.62	0.22	-0.14	24
-164.31	53.29	20	5.6	-4.9	-0.69	4.66	1.72	-3.29	23
-175.16	51.67	43	0.74	-0.63	-0.12	0.42	0.34	-0.34	24
-160.49	53.43	12	2.0	-1.74	-0.27	2.96	0.89	-0.68	24
-170.39	52.18	46	2.95	-2.81	-0.14	1.23	1.05	-1.29	23
-173.38	51.62	25	0.99	-1.18	0.19	1.56	-0.85	0.25	24
-176.13	51.77	50	0.76	-0.63	-0.13	0.31	0.24	-0.23	24
-169.07	52.29	26	2.66	-2.27	-0.39	2.38	0.88	-0.95	24
-169.03	52.24	28	2.33	-1.75	-0.58	1.93	0.67	-0.82	24
-168.9	52.27	31	3.49	-2.36	-1.12	1.79	1.06	-1.56	23
-178.17	51.31	43	5.13	-4.98	-0.14	2.06	2.19	-1.76	23
-136.63	59.98	14	0.71	-0.18	-0.53	0.06	0.0	0.51	24
-169.89	51.81	16	0.83	-0.68	-0.15	0.97	0.07	-0.28	24
-156.09	54.65	15	1.82	-1.51	-0.31	0.64	-0.71	-2.0	23
-169.92	51.85	18	4.83	-4.66	-0.17	3.74	1.38	-1.25	23
-170.03	51.82	15	0.57	-0.44	-0.13	0.61	0.22	-0.28	24
-166.58	52.87	20	2.5	-1.85	-0.65	0.58	0.48	-0.87	23
-171.02	52.03	33	3.13	-3.01	-0.12	2.42	0.58	-0.52	23
-170.85	51.98	35	3.91	-3.63	-0.28	3.18	0.38	-0.99	23
-170.44	51.75	22	3.06	-2.13	-0.94	1.98	0.57	-0.94	23
-169.98	51.95	25	1.83	-1.93	0.1	0.19	0.96	-1.32	23
-174.77	51.5	35	4.53	-4.42	-0.11	2.09	1.61	-2.13	23
-160.15	55.0	55	1.91	-1.62	-0.29	0.79	0.49	-0.83	23
-148.12	56.53	37	0.75	-1.17	0.42	-0.12	-0.61	0.49	24
-148.94	56.69	35	4.15	-4.07	-0.08	3.14	-1.67	-1.1	23
-176.65	51.61	46	0.73	-0.65	-0.08	0.29	0.32	-0.27	24
-164.13	53.41	27	2.78	-1.8	-0.99	1.14	0.33	-1.12	23
-170.34	52.25	48	3.85	-3.56	-0.29	1.2	1.14	-1.98	23
-124.47	40.66	26	2.02	-1.95	-0.06	0.11	0.1	-0.73	23
-153.17	55.98	21	2.26	-1.23	-1.04	2.41	1.21	-1.54	23
-179.95	51.1	21	2.24	-2.59	0.35	1.35	-0.28	0.58	23
-163.43	53.49	22	3.02	-1.96	-1.06	1.17	0.86	-1.79	23
-163.65	53.46	16	1.18	-0.83	-0.35	1.45	0.35	-0.89	24
-163.58	53.32	22	1.4	-1.08	-0.32	1.25	0.78	-0.66	23
-174.69	51.37	18	6.02	-5.36	-0.66	4.18	2.32	-2.17	23
-166.41	52.62	12	2.54	-2.75	0.21	3.08	0.1	-0.12	23
-150.44	63.18	128	2.25	1.1	-3.35	1.6	2.62	-0.26	23
-160.77	54.35	36	2.46	-2.16	-0.31	2.1	1.04	-1.23	24
-160.75	54.31	35	0.56	-0.49	-0.07	0.57	0.28	-0.25	25
-160.69	54.39	34	0.9	-0.83	-0.07	0.92	0.39	-0.38	24
-177.81	51.25	36	0.65	-0.59	-0.06	0.44	0.41	-0.25	26
-177.94	51.19	30	1.47	-1.35	-0.12	0.76	0.06	-0.63	24
-177.59	51.26	31	2.62	-2.43	-0.19	2.07	1.54	-0.95	25
-171.01	51.99	36	0.84	-0.79	-0.05	0.47	0.33	-0.39	25
-177.59	51.26	34	4.27	-3.94	-0.33	2.48	2.18	-1.5	23
-161.41	54.29	38	1.1	-0.81	-0.3	0.88	0.59	-0.62	25
-178.16	51.19	32	0.87	-0.88	0.01	1.07	0.22	-0.01	25
-178.26	51.07	35	3.08	-3.12	0.05	0.9	1.04	0.69	23
-176.79	51.52	47	4.01	-3.44	-0.57	1.62	1.54	-1.19	23
-162.82	53.59	16	3.0	-3.41	0.4	3.2	2.05	-1.3	23
-175.18	51.56	43	5.56	-5.41	-0.16	2.87	2.58	-2.59	23
-141.63	59.94	12	3.79	-3.87	0.08	0.98	-0.88	-1.59	23
-178.03	51.26	44	0.67	-0.69	0.02	0.3	0.23	-0.27	24
-178.42	51.39	40	3.8	-3.75	-0.05	1.4	1.8	-1.14	23
-175.81	51.36	45	3.08	-2.09	-0.99	1.06	0.61	-1.41	23
-178.23	51.37	44	3.61	-3.3	-0.31	1.42	1.49	-1.39	23
-178.23	51.26	39	1.05	-1.05	0.0	0.59	0.59	-0.38	25
-167.44	52.8	34	1.49	-1.19	-0.3	0.92	0.51	-0.77	24
-174.57	51.21	29	2.66	-1.77	-0.89	0.96	1.32	-0.91	23
-168.44	52.08	17	3.17	-2.88	-0.3	2.75	0.9	-1.21	23
-137.0	59.2	22	4.85	-1.06	-3.79	-0.26	0.42	2.46	23
-165.85	53.87	82	1.17	-1.27	0.1	-1.12	-0.09	0.02	24
-166.9	52.49	13	1.02	-0.93	-0.09	0.78	0.24	-0.45	24
-165.83	53.33	44	3.98	-2.9	-1.08	1.17	2.49	-2.9	23
-151.65	62.54	119	3.77	-2.43	-1.35	0.98	3.18	1.1	23
-170.15	52.1	34	5.25	-5.07	-0.17	3.18	0.48	-1.18	24
-157.69	54.86	45	2.62	-2.35	-0.27	2.42	0.62	-1.73	23
-132.19	52.65	18	1.83	-1.21	-0.63	1.62	-0.13	0.76	23
-175.57	51.42	24	3.58	-3.27	-0.32	2.08	1.26	-1.39	25
-179.07	50.93	20	4.4	-4.59	0.19	3.53	2.15	-1.76	23
-178.07	51.18	30	1.26	-1.18	-0.08	0.89	0.83	-0.59	25
-151.69	56.04	30	3.16	-2.84	-0.32	3.3	1.71	-1.97	23
-176.55	51.76	46	1.96	-1.2	-0.76	0.67	0.99	-1.9	23
-177.93	51.03	31	3.05	-2.19	-0.86	1.6	0.44	-1.39	23
-179.44	50.79	36	4.09	-2.96	-1.13	1.37	0.3	-1.82	23
-175.13	51.55	46	2.5	-2.19	-0.31	1.04	0.85	-1.32	23
-179.86	51.04	23	2.24	-2.26	0.02	1.54	0.96	-0.76	24
-179.87	51.11	23	1.31	-1.34	0.03	0.82	0.61	-0.4	25
-179.76	50.95	23	0.66	-0.8	0.14	0.71	0.31	0.0	24
-179.79	51.2	16	0.63	-0.75	0.12	1.38	0.55	-0.01	24
-179.72	51.07	28	4.5	-3.35	-1.15	2.76	2.16	-2.55	24
-179.62	50.9	37	2.96	-1.45	-1.52	1.06	0.54	-1.21	24
-179.81	51.01	21	3.74	-3.98	0.25	3.63	1.94	-0.99	24
-179.8	50.96	28	4.18	-4.27	0.08	4.91	2.87	-1.65	23
-179.84	51.1	23	1.06	-1.18	0.12	0.63	0.15	0.19	24
-174.82	51.26	21	2.43	-1.88	-0.56	1.03	0.62	-0.51	23
-179.21	51.02	21	0.77	-0.79	0.02	0.69	0.42	-0.23	24
-179.79	51.13	24	4.16	-4.09	-0.08	1.66	0.99	-1.49	24
-179.63	51.02	28	3.9	-3.51	-0.39	2.68	1.99	-1.37	23
-175.21	51.3	18	2.88	-2.74	-0.14	2.25	0.68	-0.55	23
-153.38	55.93	15	0.37	-0.13	-0.24	1.37	0.72	-0.49	24
-163.54	54.49	73	1.43	-1.85	0.42	-1.6	-0.68	-0.71	23
-169.48	52.08	22	2.22	-2.19	-0.03	1.41	0.57	-0.81	23
-169.42	52.07	22	2.57	-2.0	-0.58	1.61	0.88	-1.13	23
-156.73	54.54	15	1.33	-0.96	-0.36	2.09	0.29	-0.66	23
-153.25	56.08	37	2.67	-3.41	0.74	0.78	1.61	-0.72	23
-178.25	51.17	36	3.48	-3.19	-0.29	2.11	1.82	-1.63	23
-178.99	51.13	32	5.21	-5.19	-0.01	3.61	3.26	-2.21	23
-178.97	51.03	35	0.66	-0.66	-0.0	0.47	0.33	-0.27	24
-171.53	52.06	46	1.21	0.02	-1.22	0.1	0.96	0.57	23
-153.53	56.03	19	3.56	-3.99	0.43	5.52	3.37	-1.68	23
-169.47	51.95	17	2.82	-3.03	0.21	2.67	-0.47	-2.1	23
-159.28	54.83	36	4.15	-3.23	-0.92	5.38	2.93	-1.65	27
-159.18	55.09	51	3.09	-1.83	-1.26	1.67	0.89	-1.54	24
-159.4	55.14	52	2.7	-2.38	-0.32	1.9	0.88	-1.56	23
-160.54	54.77	53	3.4	-3.21	-0.18	1.91	1.23	-2.3	23
-160.65	54.86	52	3.3	-2.44	-0.87	2.13	1.04	-2.08	23
-124.32	61.92	23	1.69	-0.37	-1.32	0.52	0.45	0.6	23
-160.03	54.65	38	2.39	-2.08	-0.31	1.3	0.72	-1.39	23
-160.25	54.87	53	1.52	-1.37	-0.15	0.96	0.48	-0.81	24
-161.03	54.57	44	1.16	-0.95	-0.21	0.68	0.69	-0.76	25
-160.29	54.86	50	3.07	-3.14	0.07	1.76	1.16	-1.34	23
-160.21	54.9	54	2.22	-2.03	-0.19	1.44	0.64	-1.23	24
-160.92	54.57	42	1.94	-1.79	-0.16	1.22	0.56	-1.2	23
-158.2	54.83	35	1.93	-1.0	-0.93	1.19	1.54	-1.32	23
-160.4	54.57	37	1.99	-1.81	-0.18	1.37	0.37	-0.95	23
-161.05	54.68	50	5.62	-4.28	-1.34	3.42	1.75	-3.9	23
-158.4	54.87	25	0.56	-0.45	-0.12	1.33	1.4	-0.56	24
-161.14	54.68	53	1.67	-1.6	-0.08	0.98	0.47	-1.03	24
-157.93	55.06	35	4.86	-4.12	-0.74	3.4	1.65	-2.56	23
-163.76	53.44	17	2.31	-2.02	-0.29	2.34	0.98	-1.33	24
-171.15	51.43	12	2.8	-2.59	-0.21	2.93	1.06	-1.03	24
-157.93	55.04	33	3.64	-2.73	-0.91	3.68	2.08	-2.09	23
-160.28	54.87	52	4.73	-4.42	-0.31	2.97	1.46	-2.42	23
-162.81	54.28	45	2.52	-3.2	0.68	-1.34	-0.91	1.59	23
-169.59	51.9	20	2.69	-2.19	-0.5	2.29	0.35	-0.96	23
-157.77	55.01	37	2.07	-1.58	-0.49	2.02	0.98	-1.17	23
-169.77	51.9	15	2.01	-0.59	-1.42	0.23	5.39	-2.06	24
-169.65	51.83	14	5.74	-4.95	-0.79	4.06	2.16	-2.23	23
-174.82	51.5	31	0.92	-0.79	-0.13	0.78	0.53	-0.42	24
-159.72	54.8	38	0.81	-0.68	-0.13	0.63	0.33	-0.39	25
-168.16	52.7	41	2.77	-1.7	-1.07	0.6	2.47	-2.44	24
-169.66	51.9	20	2.43	-1.97	-0.46	1.21	0.71	-0.58	23
-159.81	54.44	15	0.09	-0.24	0.15	1.57	0.73	0.15	24
-178.85	50.96	31	3.65	-4.24	0.59	3.06	1.48	-1.09	23
-168.2	52.66	38	1.79	-1.0	-0.79	0.5	1.62	-1.44	24
-168.22	52.66	37	2.73	-1.39	-1.33	0.07	2.69	-2.06	23
-168.21	52.65	36	3.47	-2.23	-1.24	1.34	2.43	-2.15	25
-177.99	51.05	41	4.07	-3.88	-0.19	1.3	0.92	-0.93	23
-179.78	51.12	24	0.85	-0.7	-0.15	0.93	0.64	-0.53	25
-163.96	53.69	34	5.39	-4.02	-1.37	3.2	2.72	-3.94	23
-173.61	51.17	35	2.89	-3.15	0.25	1.84	0.59	-0.47	23
-162.13	54.62	54	3.1	-3.72	0.62	-3.29	0.91	-0.23	23
-179.14	50.96	21	2.35	-2.45	0.1	1.72	1.07	-0.71	24
-179.0	50.91	28	2.69	-3.04	0.35	1.95	1.04	-0.81	23
-178.84	51.06	28	1.4	-1.43	0.03	1.1	0.7	-0.5	24
-170.66	52.33	24	1.44	-1.27	-0.17	2.24	2.34	-0.48	23
-140.54	61.58	17	2.01	-2.54	0.53	-1.67	0.96	0.83	23
-173.27	51.46	20	4.57	-3.9	-0.67	2.97	1.69	-1.88	23
-175.86	51.7	55	3.32	-3.02	-0.3	0.89	0.99	-1.45	23
-157.32	55.4	30	1.03	-0.77	-0.26	2.39	1.37	-0.48	28
-156.87	55.27	20	1.35	-0.86	-0.48	1.56	0.09	-0.59	24
-156.79	55.25	34	1.26	-1.21	-0.06	1.42	0.47	-0.7	24
-154.19	55.4	15	1.71	-1.39	-0.33	4.95	4.03	-1.12	23
-157.45	55.17	25	1.39	-1.13	-0.26	3.27	1.69	-0.71	26
-178.37	51.29	50	1.89	-2.27	0.38	0.81	-0.72	0.6	23
-163.66	53.41	16	3.31	-2.29	-1.02	4.26	0.9	-1.87	23
-163.39	53.57	22	1.97	-0.86	-1.11	-0.12	1.32	-0.75	23
-156.23	54.91	21	1.61	-1.29	-0.31	2.54	0.96	-0.86	24
-156.31	54.95	12	0.35	-0.24	-0.1	0.79	0.54	-0.26	24
-178.95	51.13	31	2.22	-2.18	-0.04	1.58	0.96	-0.68	24
-178.93	51.12	29	1.67	-1.64	-0.03	1.19	0.84	-0.54	25
-171.15	51.88	32	0.65	-0.7	0.05	0.35	-0.03	-0.05	24
-174.6	51.3	29	3.51	-2.95	-0.56	1.19	0.3	-0.37	23
-121.39	35.86	12	1.79	-1.44	-0.35	0.16	-1.34	0.82	23
-158.66	54.86	45	3.98	-3.94	-0.05	2.95	1.56	-2.28	23
-158.52	54.79	33	2.78	-2.43	-0.35	2.8	1.0	-1.24	24
-167.89	52.55	38	0.76	-0.47	-0.29	0.42	-0.03	0.56	24
-178.18	51.32	47	3.33	-3.85	0.52	1.29	1.56	-1.88	23
-167.83	52.3	17	1.09	-0.89	-0.2	1.14	0.72	-0.49	26
-168.01	52.26	19	4.91	-4.24	-0.67	4.53	2.73	-2.06	25
-167.83	52.39	34	1.22	-0.79	-0.44	0.54	0.29	-0.33	25
-167.14	52.4	23	2.37	-1.28	-1.09	0.48	1.3	-0.78	23
-179.1	51.12	31	3.82	-3.91	0.09	4.08	1.38	-0.47	23
-166.64	53.09	41	3.03	-2.55	-0.48	1.6	0.82	-1.37	25
-161.55	54.21	35	1.24	-1.31	0.08	0.5	0.66	-0.77	24
-157.81	55.22	43	4.97	-4.49	-0.49	4.72	1.97	-2.57	23
-166.8	53.09	27	1.77	0.04	-1.81	7.47	5.01	-1.0	23
-155.92	54.35	12	1.53	-1.18	-0.35	1.32	0.78	-0.65	24
-178.27	51.33	43	5.25	-5.49	0.24	2.25	2.19	-1.9	23
-156.89	55.38	40	2.52	-1.08	-1.44	2.25	1.22	-1.9	23
-169.9	52.19	42	0.59	-0.36	-0.22	0.17	0.56	-0.51	24
-165.31	53.43	37	0.88	-0.78	-0.1	0.52	0.37	-0.49	24
-168.11	52.14	19	2.79	-1.94	-0.85	2.59	1.27	-1.1	23
-156.07	56.08	15	0.38	-0.4	0.02	5.32	2.17	-0.64	23
-178.2	51.07	41	2.18	-1.8	-0.38	1.12	1.09	-0.78	23
-141.18	60.15	20	4.7	-5.03	0.33	4.85	1.94	-1.26	23
-170.57	52.13	49	2.44	-2.89	0.45	1.11	1.12	-1.19	23
-166.95	53.06	39	3.17	-1.97	-1.2	0.62	0.42	-0.86	23
-160.19	54.86	48	2.51	-1.51	-1.0	1.5	0.33	-1.72	23
-174.19	51.19	32	3.5	-2.89	-0.61	1.29	0.69	-0.28	23
-175.84	51.52	45	5.1	-4.62	-0.48	1.96	2.03	-2.52	23
-168.18	52.16	21	2.34	-1.9	-0.44	2.08	0.99	-0.97	24
-117.07	56.17	12	2.34	-1.51	-0.83	1.89	-2.63	1.17	23
-116.68	56.24	12	0.77	-0.7	-0.07	-0.2	0.08	0.31	24
-168.15	52.24	27	4.03	-2.53	-1.5	1.15	1.83	-0.99	23
-175.27	51.53	40	2.93	-2.51	-0.42	1.21	1.11	-1.12	23
-156.8	54.43	22	2.56	-1.69	-0.87	2.55	0.03	-1.22	23
-163.47	53.5	27	2.67	-2.05	-0.62	0.16	1.27	-0.84	23
-179.17	51.14	36	0.94	-1.07	0.12	0.51	0.35	-0.23	24
-153.02	56.88	41	1.06	-0.66	-0.41	1.18	0.58	-0.73	24
-116.7	56.28	18	1.66	-1.13	-0.53	-0.59	-0.17	0.51	23
-116.66	56.22	12	1.55	-1.25	-0.3	-0.43	-0.05	0.65	23
-144.56	58.85	20	1.17	-1.13	-0.05	1.55	0.39	-0.18	23
-157.93	54.77	14	0.81	-1.94	1.14	2.13	-1.91	1.17	23
-163.05	53.51	31	2.83	-1.94	-0.88	0.93	0.46	-0.82	23
-163.4	53.35	29	2.21	-1.8	-0.41	1.38	0.47	-0.96	23
