-162.02	54.54	54	-6.17	7.49	-1.31	2.98	3.59	5.04	23
-151.6	61.43	98	-0.27	-0.89	1.16	3.5	2.39	0.74	23
-149.35	62.45	67	-3.07	1.95	1.12	2.99	0.95	5.54	23
-119.49	37.39	10	-1.34	-0.63	1.96	0.0	0.0	-0.88	24
-114.73	30.57	15	-9.17	0.07	9.1	-5.03	-3.92	7.96	23
-110.45	26.17	15	-0.88	-0.29	1.17	-0.33	-0.29	0.25	24
-140.7	60.37	15	-3.21	0.79	2.42	-3.01	-0.14	-3.48	23
-128.15	41.46	10	-2.05	-0.23	2.27	1.49	-1.9	0.06	24
-156.57	56.63	70	-0.72	1.74	-1.02	3.51	6.84	4.55	25
-161.58	56.42	211	-6.48	0.09	6.39	2.49	0.05	-2.99	23
-148.52	62.67	64	-7.34	1.74	5.6	-0.46	2.63	6.84	23
-128.29	41.1	10	-4.24	-0.47	4.71	0.0	0.0	1.01	24
-115.57	32.62	12	-0.33	-4.39	4.72	-2.42	-5.52	1.51	25
-170.25	53.01	104	-0.0	-0.19	0.2	-2.09	-0.68	0.57	24
-147.53	61.47	39	-2.32	1.02	1.3	-1.07	1.69	3.55	23
-121.98	45.87	15	-1.35	2.18	-0.82	-4.0	-0.8	0.42	24
-119.15	37.49	10	-1.18	-0.55	1.74	-0.49	1.73	-0.93	25
-119.82	37.38	13	-5.01	-4.36	9.36	0.0	0.0	-2.65	24
-119.23	37.47	15	-7.14	0.71	6.44	0.47	-2.68	-3.47	23
-149.16	59.46	15	-0.36	-0.05	0.41	-2.2	-1.59	0.66	24
-176.37	50.45	15	-1.19	1.13	0.06	-0.17	-0.08	0.11	24
-116.45	32.73	10	-2.22	-4.16	6.38	-0.91	-6.32	4.35	24
-165.85	51.74	10	-5.42	5.88	-0.46	2.9	-8.27	2.4	23
-172.21	50.43	15	-0.79	1.03	-0.23	-0.71	0.18	0.12	24
-156.66	56.31	46	-5.07	1.25	3.82	2.08	-2.76	3.48	23
-161.41	54.3	44	0.42	0.69	-1.11	0.88	0.94	-0.25	24
-170.72	51.82	15	0.25	0.71	-0.96	1.07	0.71	0.63	24
-149.96	63.37	121	-3.8	3.49	0.31	3.8	2.24	0.97	23
-177.83	51.91	93	-5.61	5.14	0.47	-8.16	-0.37	-3.2	23
-147.19	61.15	41	-4.81	1.34	3.47	3.29	0.87	2.04	25
-147.23	61.44	52	-3.29	0.28	3.01	0.44	0.42	2.43	25
-113.98	44.35	14	-2.5	1.44	1.06	-1.01	1.36	-1.45	26
-114.54	44.75	10	-1.03	0.37	0.66	0.43	2.28	-1.31	24
-114.17	44.06	19	-1.64	0.69	0.95	0.0	0.0	-1.53	24
-177.72	52.32	110	-7.96	7.16	0.8	-0.65	-4.53	-1.13	23
-169.54	53.07	112	0.29	2.1	-2.4	-8.95	-2.88	2.35	23
-154.18	58.62	119	-0.45	-0.71	1.16	1.57	1.44	0.64	24
-157.1	57.04	105	-3.24	0.39	2.85	-1.23	2.44	3.83	23
-178.58	52.3	169	0.18	-2.02	1.84	5.65	-3.19	-2.76	23
-177.46	50.45	13	-2.03	2.75	-0.72	0.68	-0.93	0.0	24
-114.33	44.44	10	-3.04	1.02	2.02	2.85	-2.42	-1.25	23
-105.21	42.42	22	-7.21	7.84	-0.63	0.7	3.13	-7.02	23
-178.45	52.58	241	0.43	-1.14	0.71	0.5	-1.21	-0.1	24
-127.14	41.76	10	-1.03	-0.17	1.19	-0.0	-0.11	0.15	24
-167.21	51.42	38	-1.34	1.27	0.06	0.06	0.22	0.92	24
-175.18	52.19	35	-4.4	-0.28	4.67	0.66	-0.11	-0.39	23
-175.02	52.68	15	-6.96	9.52	-2.56	0.07	5.55	-9.1	23
-167.48	53.75	18	-9.07	2.85	6.23	0.63	-1.18	6.23	24
-167.32	53.79	15	-1.01	0.0	1.01	0.07	0.24	0.51	25
-167.59	54.03	15	-5.3	0.08	5.22	-0.05	-0.94	2.41	23
-118.42	37.55	15	-3.14	-2.51	5.65	2.25	-1.12	1.26	24
-117.92	37.66	15	-1.1	-0.2	1.3	-0.47	0.41	0.44	24
-170.36	53.8	207	-0.94	-0.14	1.08	2.65	0.21	-2.46	24
-167.16	53.72	16	-2.27	0.27	2.0	-0.09	1.26	0.58	26
-167.2	53.38	15	-1.26	0.16	1.1	0.62	0.94	-0.16	24
-177.38	52.03	84	-0.13	-0.41	0.54	-3.98	1.07	-0.78	25
-169.19	53.29	104	-2.6	1.07	1.52	-9.47	-2.1	4.12	24
-168.86	52.89	57	1.17	1.93	-3.09	0.29	5.57	-5.03	23
-126.05	43.6	15	-0.01	-0.24	0.25	0.72	1.31	-0.19	24
-174.28	50.88	15	-2.43	2.61	-0.18	-0.95	-0.61	0.63	24
-149.78	62.0	98	-1.52	0.56	0.96	0.45	0.32	2.14	23
-171.3	52.69	15	-3.85	-2.59	6.45	5.69	-2.37	-1.06	23
-129.94	50.82	15	-0.09	-1.89	1.98	1.19	2.45	0.97	24
-130.55	44.45	15	-3.34	0.21	3.13	-0.33	0.28	-3.7	23
-157.02	67.3	15	-1.62	-0.2	1.82	-0.01	0.39	-0.45	24
-127.72	40.46	15	-3.92	1.06	2.86	0.0	0.0	-1.98	23
-154.64	57.7	73	-0.25	-1.64	1.89	2.4	2.27	0.08	24
-127.6	42.28	15	-1.38	-0.04	1.42	0.0	0.0	0.11	24
-152.34	60.54	110	4.8	-9.56	4.76	-1.9	5.69	1.34	23
-157.05	58.83	224	-3.75	-0.66	4.41	-6.13	2.69	4.43	25
-172.96	51.26	15	-3.96	4.72	-0.75	0.71	-1.06	-0.32	23
-127.12	42.62	15	-4.93	-0.15	5.08	1.01	0.38	1.6	24
-127.44	42.08	15	-9.22	-0.65	9.87	0.0	0.0	1.04	23
-127.62	41.85	15	-3.39	0.42	2.97	0.25	-1.19	0.33	23
-175.15	58.43	15	-0.72	1.12	-0.4	-0.02	-0.47	-0.06	26
-150.7	61.46	36	-2.61	-0.48	3.1	1.1	6.28	-0.95	23
-169.15	54.34	278	5.83	-5.95	0.12	3.77	-5.0	-7.99	24
-170.77	52.62	112	-2.24	1.02	1.22	1.78	-0.74	-0.97	24
-166.99	53.6	15	-1.34	0.17	1.17	-0.47	-0.28	0.57	24
-166.99	53.89	15	-1.27	-0.04	1.32	-0.64	0.03	0.47	24
-178.96	52.39	210	-0.87	-0.73	1.59	3.5	-2.9	-0.83	25
-174.12	52.8	185	0.21	-0.61	0.4	1.43	-0.75	-0.46	24
-175.9	50.16	15	-1.65	1.8	-0.15	-0.23	-0.03	0.45	24
-116.68	36.6	15	-4.17	1.19	2.98	-1.4	0.43	2.72	24
-116.4	34.11	15	-0.58	-0.08	0.66	0.23	1.26	0.46	24
-116.36	34.0	15	-3.67	1.22	2.44	1.41	5.1	0.01	23
-176.4	50.94	15	-3.42	3.89	-0.47	-1.31	-1.8	-0.38	23
-174.78	50.45	15	-1.57	1.71	-0.14	-0.03	0.01	0.23	25
-129.0	44.24	15	-0.72	-0.77	1.5	-0.08	-0.99	0.39	24
-113.79	37.43	15	-2.48	0.79	1.69	-1.92	-0.1	1.49	24
-154.87	57.24	67	-4.8	-0.36	5.16	8.02	4.24	5.25	23
-157.31	53.45	17	-4.92	2.38	2.55	0.69	0.73	5.11	24
-177.9	51.22	15	-3.19	3.11	0.08	3.51	-0.62	-0.32	24
-151.2	61.91	72	-0.17	-0.39	0.57	-0.39	1.57	0.01	24
-113.43	29.25	15	-2.87	-2.47	5.34	-0.17	-0.37	-0.03	24
-168.65	51.06	15	-6.69	6.59	0.1	-0.24	1.32	3.06	24
-153.81	56.8	27	-3.36	1.84	1.52	0.5	1.87	1.8	23
-111.93	35.99	15	-1.13	0.87	0.26	0.14	0.14	-0.13	24
-147.25	61.69	69	-4.73	2.4	2.33	0.83	0.45	4.7	23
-118.1	36.68	15	-1.39	0.22	1.17	-0.52	-0.77	0.97	25
-149.87	60.83	67	-4.77	-1.28	6.05	1.32	-1.14	1.78	23
-161.81	52.72	15	-1.32	0.59	0.73	-0.04	-0.22	0.53	24
-144.5	59.56	15	-4.28	3.22	1.06	2.15	-0.49	1.9	23
-121.92	42.12	15	-9.96	1.89	8.07	3.33	-4.49	-2.04	24
-122.03	42.17	15	-9.95	1.34	8.61	0.61	-3.87	-0.05	24
-177.31	50.41	28	-0.93	1.06	-0.13	-0.46	-0.12	-0.09	25
-164.04	54.33	18	-2.88	-1.66	4.53	3.25	-0.6	-2.46	25
-164.03	54.53	15	-7.05	0.27	6.78	0.0	0.0	-1.88	23
-121.82	42.21	15	-1.62	0.52	1.11	-0.11	-0.4	-0.59	24
-174.53	52.52	36	-2.53	0.62	1.9	1.93	-0.65	-2.74	23
-126.91	49.41	21	-1.24	0.02	1.22	0.37	-1.9	1.77	24
-110.94	42.68	15	-5.31	-0.24	5.55	-0.74	1.01	-0.3	24
-151.74	61.08	81	-0.54	-0.33	0.88	1.07	0.54	0.18	24
-168.4	51.44	15	-1.2	1.05	0.15	0.02	0.04	0.63	24
-163.61	55.23	164	-1.66	-0.18	1.84	0.44	0.54	-0.14	24
-149.96	58.49	32	-1.55	-4.36	5.91	-1.4	-6.93	0.81	23
-164.29	53.61	43	-4.84	1.36	3.49	7.53	-1.29	3.72	23
-103.3	30.36	15	-3.71	3.01	0.7	-0.87	0.62	-1.33	24
-150.1	60.93	54	-0.32	-0.37	0.69	0.51	1.97	-1.45	24
-150.83	59.07	45	-2.45	1.72	0.73	0.08	1.21	0.21	23
-118.06	35.85	15	-0.94	-0.41	1.35	-0.48	0.46	0.77	24
-147.73	69.59	25	0.04	-3.15	3.12	3.28	-3.18	-2.74	23
-127.12	41.9	15	-9.71	-0.17	9.88	3.54	2.76	-0.42	23
-150.75	63.1	143	-0.22	0.46	-0.24	1.09	3.59	1.06	24
-152.83	57.03	15	-0.18	0.1	0.08	0.85	1.26	0.09	24
-151.21	61.91	59	-0.55	0.0	0.55	-0.01	1.26	0.22	24
-169.28	51.24	15	-7.21	7.07	0.14	-1.04	-1.01	2.59	23
-127.33	42.14	15	-1.29	-0.06	1.35	-0.01	-0.95	-0.16	24
-176.56	51.63	38	0.05	-3.09	3.04	3.7	1.9	-1.25	23
-166.35	52.04	19	-4.77	4.71	0.06	-1.83	5.23	1.78	23
-129.4	44.17	15	-7.46	-0.92	8.38	2.19	-9.24	-1.03	23
-172.95	67.02	17	-0.89	1.47	-0.58	0.41	0.57	-0.41	25
-177.9	51.92	15	-1.06	0.86	0.21	0.0	-1.35	-0.32	24
-149.71	61.49	15	-3.21	3.13	0.07	9.05	-2.3	-0.02	23
-134.86	40.91	15	-5.19	4.85	0.34	-2.62	-0.38	2.43	23
-179.2	51.31	28	-1.64	-0.23	1.87	-0.17	3.98	-0.67	25
-109.66	26.03	15	-1.19	-0.14	1.33	-0.1	0.69	0.3	24
-164.06	54.16	15	-2.36	-1.51	3.87	3.76	-0.61	-2.27	24
-174.13	52.07	155	2.8	-3.79	1.0	1.82	-1.67	-3.36	23
-119.39	37.63	15	-4.58	0.41	4.18	1.24	-2.07	-0.43	23
-162.42	53.77	36	-1.82	1.47	0.34	1.61	2.56	-0.68	23
-150.08	61.6	64	-1.63	-0.43	2.06	2.17	1.83	0.55	23
-175.96	51.9	30	-4.52	4.91	-0.38	-3.19	4.14	2.14	23
-122.77	40.04	15	-0.06	-0.3	0.36	0.32	1.24	-0.5	24
-169.7	50.89	17	-4.25	6.1	-1.86	-5.23	0.95	0.77	23
-115.36	32.2	15	-2.92	-0.8	3.71	0.42	-0.0	1.38	23
-123.43	47.1	45	-5.17	-0.43	5.6	1.77	-2.75	0.21	24
-150.83	61.01	41	-1.8	0.37	1.43	0.71	0.73	-0.4	23
-117.11	37.58	15	-2.98	1.6	1.38	-0.39	1.3	2.71	24
-177.61	52.04	152	-1.49	-0.49	1.98	0.42	-0.89	0.51	24
-178.29	51.57	33	-5.08	0.41	4.68	4.17	0.7	0.65	23
-154.38	57.22	48	-1.58	-0.9	2.48	3.69	1.03	2.36	25
-154.44	57.41	43	-0.31	-0.06	0.37	0.91	1.09	0.12	24
-149.72	62.22	60	-0.54	-2.11	2.65	-0.19	3.31	0.17	23
-154.28	57.48	53	-2.2	0.76	1.44	1.8	2.77	0.48	23
-154.22	57.54	52	-2.32	-0.37	2.68	3.87	0.54	4.59	25
-174.99	52.86	233	-1.76	-1.87	3.64	5.36	-1.26	-2.94	23
-178.36	52.32	211	-0.6	-5.95	6.55	6.76	-4.74	-0.72	23
-154.24	57.58	43	-2.14	-0.95	3.1	1.63	-1.68	1.0	23
-122.53	47.14	47	-0.96	-0.05	1.01	-0.06	-1.45	-0.02	26
-131.49	64.47	15	1.71	-3.04	1.34	2.5	1.89	2.23	23
-158.01	56.03	60	-2.39	1.08	1.32	-0.28	0.77	0.82	23
-111.29	43.02	15	-1.05	0.03	1.02	-0.17	0.11	0.04	24
-109.96	25.63	15	-2.16	-0.06	2.23	0.32	1.21	0.44	23
-128.21	49.65	15	-8.79	2.92	5.87	-0.52	-0.61	-3.67	23
-128.46	48.83	15	-4.93	-0.25	5.17	0.71	3.01	-0.08	23
-162.38	53.57	46	-0.78	-0.69	1.47	-0.8	1.04	0.99	23
-150.47	61.73	81	-1.8	0.02	1.78	0.48	2.86	0.52	23
-128.84	43.83	15	-4.09	-0.97	5.07	0.18	-2.21	-0.29	23
-128.94	44.01	15	-1.44	-0.01	1.45	-0.83	-0.78	0.53	24
-151.26	58.5	19	-3.32	-2.24	5.56	2.91	-4.58	0.65	23
-168.72	53.16	106	-1.33	-0.55	1.87	-4.87	-1.45	1.93	23
-176.68	52.03	68	2.43	2.83	-5.26	6.94	5.74	-5.41	23
-168.98	51.4	15	-1.35	1.48	-0.13	-0.8	-0.31	0.47	24
-129.33	44.18	15	-1.82	-0.0	1.82	-0.05	0.37	-0.36	24
-129.03	44.02	15	-4.5	-0.02	4.52	2.04	5.89	-0.91	23
-134.39	54.72	16	0.04	-0.62	0.59	0.74	0.22	0.42	25
-147.23	68.88	15	-1.16	-0.18	1.33	-0.41	1.14	-0.54	24
-113.45	29.34	15	-2.13	-1.31	3.43	-0.26	0.87	0.15	24
-110.24	43.59	12	-2.13	-1.1	3.22	-0.26	-1.49	-0.21	23
-151.44	58.33	12	-0.2	0.21	-0.01	2.04	0.47	-0.27	24
-127.88	49.05	12	-0.1	-0.9	1.0	-0.74	-0.72	0.44	24
-112.6	25.06	12	-0.65	-0.82	1.47	0.27	0.6	-0.12	24
-112.56	25.13	12	-0.73	-0.35	1.08	0.09	0.65	-0.52	24
-151.75	60.44	83	-1.57	-0.67	2.24	1.15	2.69	-1.17	23
-156.78	56.38	56	-1.69	0.58	1.12	1.8	0.16	1.71	23
-166.32	51.6	12	-0.72	0.73	-0.01	-0.21	0.18	0.53	25
-166.33	51.68	18	-1.73	1.27	0.46	-0.21	-0.26	0.71	23
-146.56	61.77	53	-5.31	4.43	0.88	0.99	2.03	2.6	23
-147.68	60.53	32	-4.55	-0.08	4.63	-0.12	1.77	-0.77	23
-127.03	42.4	12	-5.48	0.64	4.84	0.78	0.22	1.56	23
-173.79	53.18	258	0.11	-3.36	3.24	4.3	-2.09	-2.88	24
-175.8	51.5	29	-1.21	0.34	0.87	6.37	3.97	-0.49	23
-147.82	60.5	35	-1.24	-0.27	1.5	0.45	0.54	0.01	23
-139.53	60.21	13	0.26	-0.91	0.65	0.52	1.01	-0.78	24
-150.32	61.32	67	-1.25	-0.97	2.22	0.72	1.1	-0.18	23
-146.51	61.57	42	-1.89	0.22	1.67	0.47	0.63	1.26	23
-154.24	56.16	13	-0.01	3.39	-3.38	3.51	3.47	-2.91	24
-114.27	30.45	12	-4.76	-0.09	4.85	0.57	-0.0	1.49	23
-116.99	34.09	12	0.99	-2.38	1.39	1.42	0.36	0.79	23
-161.05	53.27	12	-2.72	2.27	0.46	-0.29	1.32	-0.25	23
-112.55	45.37	12	-1.93	-0.1	2.02	-1.32	0.13	-1.56	24
-104.79	36.9	12	-3.51	-0.33	3.84	-0.81	0.24	-0.67	23
-115.65	32.92	12	-0.46	-0.99	1.45	-0.66	-1.64	0.78	23
-162.2	65.5	12	-1.68	1.62	0.05	-0.0	0.5	-1.25	23
-153.94	57.69	41	-1.46	0.04	1.41	-0.65	0.11	1.14	23
-172.42	52.07	26	-1.88	-0.1	1.98	1.24	1.04	-1.52	23
-176.61	52.07	103	-0.56	-0.52	1.08	-1.17	-0.1	-0.81	23
-168.19	51.45	12	-0.99	0.98	0.01	-0.59	0.13	0.3	24
-157.45	56.33	83	-0.52	-0.35	0.87	3.38	2.08	3.11	23
-173.31	52.55	133	-0.43	0.67	-0.24	1.09	-1.29	-1.43	23
-114.46	30.41	14	-2.15	0.16	1.99	1.61	-0.47	0.55	23
-114.49	30.13	12	-5.67	0.43	5.24	0.57	-2.15	0.96	23
-122.85	38.8	14	-1.27	-0.69	1.96	-0.49	-0.49	1.29	23
-115.28	32.43	12	-1.05	0.27	0.78	0.0	0.04	0.5	24
-160.6	53.13	12	-0.69	0.78	-0.08	-0.54	0.21	0.21	24
-176.2	50.24	12	-1.14	1.19	-0.05	-0.21	0.26	0.08	24
-169.67	65.82	12	-2.53	2.66	-0.13	0.1	0.49	0.62	23
-128.74	43.81	14	-1.99	0.32	1.66	-0.05	-0.41	0.68	23
-166.16	53.88	76	2.01	-4.48	2.46	-6.61	-1.8	2.88	24
-173.24	50.71	16	-5.7	5.8	-0.1	-3.44	0.69	1.1	23
-150.6	63.29	126	0.31	0.08	-0.39	0.12	0.68	0.56	24
-114.36	27.13	12	-2.43	-0.31	2.74	-0.02	1.29	0.03	23
-167.55	53.55	12	-0.57	0.86	-0.29	0.24	0.5	-0.14	24
-127.01	42.43	17	-1.84	-0.01	1.85	-0.01	-0.26	0.83	23
-126.88	42.6	14	-0.96	0.22	0.75	0.2	-0.31	0.26	23
-110.82	26.38	17	-1.81	-0.03	1.84	0.43	1.52	0.24	23
-110.72	26.32	12	-6.32	-0.26	6.58	1.8	2.55	-0.57	23
-110.7	26.25	12	-0.81	-0.07	0.87	0.02	0.32	-0.1	24
-110.76	26.33	12	-5.29	0.28	5.01	2.16	3.84	-0.36	23
-110.7	26.25	13	-3.49	-0.55	4.04	-0.33	1.74	-0.71	23
-179.81	51.89	122	-1.17	-0.21	1.38	1.24	-2.13	-0.68	25
-169.52	53.23	123	-0.72	0.23	0.49	-3.05	-0.64	1.28	23
-177.69	50.28	12	-5.87	6.4	-0.53	-1.13	0.46	0.15	25
-177.65	50.26	12	-5.55	6.2	-0.65	-0.34	0.31	-1.75	23
-161.96	56.01	182	0.53	-1.2	0.66	-0.02	2.9	-2.3	23
-177.35	50.24	15	-2.33	2.0	0.33	-1.04	-0.28	0.21	23
-151.3	61.89	97	0.25	-1.68	1.43	1.58	2.86	-0.96	23
-122.69	40.24	20	-3.27	0.71	2.56	1.49	-0.68	0.4	23
-114.24	29.65	12	-2.75	0.35	2.4	-2.83	-0.85	-0.84	23
-114.22	29.87	12	-4.26	-1.27	5.53	-0.55	-1.24	-1.16	23
-114.85	41.16	14	-1.27	0.2	1.07	0.07	0.26	0.61	25
-173.75	52.36	14	-1.79	1.48	0.31	0.67	0.35	-1.3	24
-127.07	42.35	13	-4.48	0.3	4.18	-0.34	0.38	1.37	24
-178.5	51.98	134	-1.16	-0.05	1.21	0.39	-2.16	-0.7	25
-128.73	43.83	12	-0.97	-0.1	1.08	0.12	-0.01	0.2	24
-166.75	67.68	12	-0.77	0.58	0.18	-0.19	0.2	-0.32	24
-129.44	44.07	12	-3.74	0.15	3.59	-2.41	1.26	-2.19	23
-123.62	40.83	28	-1.1	-0.22	1.32	-0.4	-0.42	-0.13	24
-114.16	30.2	14	-2.05	0.55	1.5	-0.72	-0.05	1.15	23
-129.43	44.09	17	-2.74	0.22	2.52	-1.64	1.52	-1.6	23
-129.55	44.11	19	-0.76	0.11	0.66	-0.33	0.26	-0.37	24
-129.41	44.18	13	-2.45	0.3	2.15	1.0	1.38	-2.18	23
-167.28	53.24	17	-6.4	-0.22	6.62	0.74	-0.17	1.31	23
-175.63	52.22	12	-4.07	6.42	-2.34	1.71	-1.79	-4.89	24
-143.83	60.83	20	-3.25	0.8	2.45	5.29	-0.42	-3.78	23
-173.38	51.66	24	1.15	0.02	-1.17	-0.7	3.86	-2.1	23
-151.47	59.18	40	-2.71	0.11	2.6	0.38	2.36	0.51	23
-106.87	25.28	12	-5.17	0.53	4.65	0.38	1.43	-0.76	23
-151.01	61.41	80	0.1	-0.56	0.46	-0.32	4.41	1.96	23
-128.74	43.9	12	-5.67	-0.0	5.68	1.43	-0.01	0.45	23
-128.68	43.88	19	-3.63	0.58	3.05	0.04	-0.44	0.37	23
-128.76	43.95	17	-2.08	0.13	1.95	0.59	0.19	0.16	23
-117.82	36.41	21	-1.5	-1.39	2.89	0.76	-0.2	-0.08	23
-128.76	43.81	12	-1.55	0.2	1.35	-0.2	-0.25	0.48	23
-153.49	59.02	94	-2.55	0.89	1.66	3.93	3.83	1.95	23
-129.45	44.08	12	-3.98	0.47	3.51	-0.14	0.49	-1.43	23
-173.58	52.15	78	1.63	2.2	-3.83	-5.79	-1.13	-4.68	23
-110.83	41.68	12	-0.84	-0.33	1.17	-0.16	-0.42	0.37	23
-178.57	50.05	12	-1.93	1.96	-0.02	0.47	1.51	-0.4	23
-177.54	60.42	12	-2.76	2.31	0.45	1.12	1.15	-0.42	23
-163.76	52.49	12	-1.57	1.65	-0.08	-0.59	0.26	0.83	24
-169.43	52.6	12	-1.27	0.4	0.86	0.25	0.14	-0.77	25
-169.41	52.62	12	-3.53	1.07	2.46	-0.36	1.24	-1.94	24
-169.37	52.58	12	-1.86	0.39	1.47	0.06	-0.13	-1.16	24
-169.39	52.6	12	-4.74	0.94	3.8	-0.43	0.41	-2.34	23
-169.76	52.79	12	-4.34	3.48	0.86	-1.05	0.6	-1.97	23
-169.34	52.61	13	-3.23	1.61	1.62	-0.56	0.7	-1.75	23
-169.39	52.58	12	-3.17	0.96	2.21	-0.28	0.96	-1.81	24
-169.33	52.61	12	-0.84	0.47	0.36	0.07	0.11	-0.45	24
-130.01	44.27	18	-2.2	1.32	0.88	-0.32	-0.29	-1.27	23
-150.42	61.2	66	-1.23	-0.01	1.24	-0.14	2.08	-0.1	23
-129.48	49.08	16	-0.26	-0.7	0.95	0.18	-0.82	0.16	24
-127.04	41.81	21	-1.82	0.28	1.55	-0.53	-0.23	0.02	23
-112.3	38.21	12	-0.81	-0.57	1.37	-0.96	-0.54	0.99	23
-169.31	52.59	17	-3.67	1.9	1.77	0.34	0.34	-1.44	23
-129.54	44.15	12	-3.85	0.51	3.34	-0.05	1.41	-2.47	23
-129.56	44.23	13	-2.89	0.58	2.31	1.1	1.08	-1.74	23
-129.4	44.18	12	-4.69	1.33	3.36	1.2	-0.75	-2.73	23
-109.8	25.65	12	-1.51	0.08	1.44	0.43	-0.51	0.3	24
-109.87	25.55	12	-0.7	-0.01	0.71	-0.18	0.19	0.2	24
-175.22	50.51	12	-6.06	6.23	-0.17	-0.43	0.61	-0.4	23
-118.71	38.47	13	-1.51	0.09	1.42	0.92	-1.0	0.34	23
-174.72	52.69	200	-0.51	-0.68	1.19	0.78	-0.84	-0.16	24
-166.9	65.44	12	-3.27	2.95	0.31	-0.32	1.02	-1.49	23
-173.18	52.49	142	-0.04	-0.64	0.69	1.7	1.21	0.13	24
-127.14	41.93	12	-0.8	-0.03	0.83	0.07	-0.37	-0.08	24
-171.77	52.09	74	-0.27	1.71	-1.44	9.22	1.11	1.84	26
-171.7	51.81	35	-1.16	1.51	-0.35	0.4	0.55	-0.36	24
-171.86	51.93	35	-1.96	1.79	0.17	6.23	-0.07	1.83	23
-171.3	52.04	31	-1.53	-0.9	2.44	0.72	2.16	-2.06	24
-129.09	43.89	17	-1.95	-0.09	2.04	-0.21	0.28	-0.3	23
-104.65	37.08	13	-2.48	0.12	2.36	-0.05	-0.93	-0.5	23
-104.59	37.12	12	-1.21	0.02	1.19	0.12	-0.38	0.3	24
-171.5	51.95	26	1.42	1.91	-3.33	4.97	-1.68	2.58	23
-179.54	51.52	76	-1.96	2.66	-0.7	0.37	-3.81	-3.63	23
-150.76	63.44	155	-0.55	0.5	0.05	1.29	1.53	0.52	23
-174.14	53.02	232	-1.3	-0.2	1.5	2.71	-0.85	-1.57	24
-111.78	26.24	12	-0.71	0.07	0.64	0.03	-0.24	-0.28	24
-123.79	41.16	29	-2.71	0.12	2.59	1.44	-0.52	1.55	24
-177.92	51.71	77	-0.68	0.15	0.53	-6.49	0.54	-1.3	23
-166.71	67.66	12	-5.28	4.13	1.15	-2.16	1.43	-2.5	23
-157.41	55.09	12	-1.97	1.37	0.6	-0.56	-0.51	0.71	24
-174.43	66.38	12	-3.88	5.78	-1.9	-1.74	-2.15	0.39	23
-165.86	52.14	20	-1.97	1.53	0.44	0.37	0.48	0.38	23
-173.43	52.31	21	-2.05	0.69	1.36	0.69	-0.58	-0.43	23
-161.11	54.75	51	1.94	-4.48	2.54	1.69	-3.68	3.22	23
-147.61	60.29	30	-1.53	-0.13	1.66	-0.79	0.9	0.8	23
-154.39	56.85	30	-3.37	-2.82	6.18	3.83	4.4	2.56	23
-178.08	51.56	15	-3.07	-1.91	4.98	4.04	1.97	-2.73	25
-129.42	44.09	18	-2.63	-0.29	2.92	0.5	-0.3	-1.76	23
-129.43	44.18	12	-2.67	-0.59	3.26	2.12	-0.4	-2.34	23
-127.1	42.08	21	-1.74	0.33	1.41	-0.04	-0.24	0.06	23
-132.78	52.56	12	-4.31	1.58	2.74	0.42	-0.92	-2.31	25
-132.9	52.68	14	-2.94	1.04	1.9	-0.12	-0.77	-1.2	24
-132.04	52.14	12	-6.07	3.55	2.52	-0.6	-0.95	-2.86	24
-132.68	52.57	13	-1.1	0.27	0.84	0.69	0.16	-0.41	24
-132.03	52.19	12	-0.89	0.42	0.47	0.22	-0.53	-0.39	24
-132.44	52.45	15	-3.53	1.57	1.96	-0.01	-0.76	-1.61	23
-132.75	52.59	17	-3.98	0.94	3.05	1.06	1.15	-0.59	23
-132.28	52.36	12	-6.16	2.58	3.58	0.42	0.89	-2.78	23
-132.21	52.58	18	-2.45	1.39	1.06	1.76	-1.95	-0.89	23
-132.69	52.4	12	-5.11	0.87	4.24	-0.19	-0.34	-1.51	23
-132.22	52.36	12	-2.15	0.92	1.23	-0.1	0.38	-0.82	23
-132.11	52.15	12	-2.4	1.38	1.02	0.35	-0.61	-1.34	25
-132.07	51.97	22	-1.24	0.85	0.39	-0.34	0.37	-0.19	24
-131.97	52.12	12	-0.75	0.56	0.19	-0.03	-0.17	-0.32	24
-132.18	52.32	12	-1.21	0.68	0.53	0.09	-0.18	-0.55	24
-132.02	52.26	12	-3.25	1.82	1.42	1.31	-1.6	-1.35	23
-131.96	52.18	18	-3.3	2.22	1.08	0.24	-1.18	-0.63	23
-132.25	52.28	13	-1.46	0.2	1.27	0.34	-0.42	-0.59	23
-132.06	52.39	27	-2.64	1.06	1.58	0.96	0.31	-0.52	23
-132.09	52.27	12	-6.59	3.55	3.05	3.01	-1.93	-3.1	23
-132.73	52.7	13	-2.0	0.1	1.9	1.37	0.19	-0.34	23
-133.15	52.82	21	-3.73	1.3	2.43	1.22	1.64	-0.88	23
-154.21	58.51	107	0.2	-0.76	0.56	1.01	0.77	0.59	24
-136.05	68.26	12	-2.78	0.43	2.34	0.99	0.09	1.28	23
-119.61	31.08	21	-4.03	0.9	3.13	-0.53	-0.76	2.59	25
-173.69	50.31	12	-1.33	1.47	-0.14	0.15	0.29	0.03	24
-149.46	64.19	154	-2.09	1.3	0.79	0.45	-1.19	1.06	23
-169.09	51.58	20	-3.21	2.58	0.63	-0.64	0.72	0.62	23
-152.25	59.34	50	-0.9	-0.48	1.38	0.79	1.05	-0.1	23
-114.26	30.21	17	-2.52	-0.06	2.58	2.27	-0.77	0.84	23
-167.74	56.45	16	-1.86	1.54	0.32	-0.3	-0.34	-0.46	23
-167.13	51.48	12	-2.63	2.72	-0.09	-1.55	0.75	2.4	24
-167.16	51.46	12	-2.04	1.86	0.18	0.04	-0.0	0.09	23
-178.96	51.3	32	-3.78	-2.55	6.33	4.51	0.65	-1.54	23
-179.25	50.05	12	-2.14	2.24	-0.1	0.53	1.24	0.03	23
-178.57	51.72	18	-1.22	0.91	0.31	0.37	1.01	-1.39	23
-177.39	49.84	18	-2.4	2.21	0.19	0.01	-0.64	0.47	23
-150.57	63.49	135	-0.53	2.15	-1.62	1.0	2.31	1.8	23
-105.9	27.78	23	-1.7	-0.31	2.01	-0.82	0.69	-0.98	23
-105.81	27.82	21	-1.06	-0.95	2.02	-1.08	0.73	-1.0	23
-127.43	41.27	12	-2.69	0.15	2.53	-0.23	-1.05	-0.19	23
-150.83	63.18	142	-0.29	-0.02	0.31	1.84	0.79	0.31	23
-178.77	51.47	22	-3.84	-1.58	5.42	3.72	1.66	-1.5	24
-127.07	42.0	13	-1.53	0.13	1.4	0.35	-0.09	0.16	23
-126.97	41.91	12	-1.38	0.1	1.28	-0.03	-0.87	-0.04	23
-178.84	51.5	21	-0.81	-0.36	1.17	0.88	0.61	-0.66	24
-127.18	41.67	17	-2.38	0.27	2.1	-0.97	-0.49	0.39	24
-155.12	56.92	39	-1.03	0.18	0.86	0.9	0.24	0.9	24
-128.64	43.93	17	-1.77	0.03	1.75	0.11	-1.1	0.54	23
-171.81	52.81	138	-0.39	0.75	-0.36	-2.21	-1.0	-1.9	23
-122.98	38.68	23	-1.51	-0.59	2.1	0.31	-0.11	0.79	23
-127.14	41.93	17	-3.26	0.2	3.06	-0.16	-0.93	0.06	23
-171.87	53.6	275	0.3	-0.59	0.29	1.47	-1.11	-0.59	25
-129.45	44.16	14	-0.58	-0.12	0.7	0.15	0.07	-0.52	24
-127.13	42.01	12	-1.79	0.13	1.67	-0.3	-0.17	-0.16	24
-114.12	30.32	12	-4.52	0.49	4.03	-1.17	-0.44	2.05	23
-113.9	30.71	23	-3.54	0.71	2.82	1.24	0.09	1.42	23
-114.03	30.41	12	-1.33	0.03	1.3	-0.26	-0.48	0.65	24
-131.51	52.4	12	-1.6	1.04	0.57	-1.14	-1.1	-0.51	23
-114.64	44.79	32	-2.27	1.93	0.34	0.4	1.09	-2.1	23
-162.3	67.8	19	-4.62	3.74	0.88	-0.88	0.98	-1.73	24
-162.32	67.83	21	-5.16	3.89	1.27	-1.34	0.6	-1.18	24
-162.25	67.75	18	-3.4	2.85	0.55	-1.65	-0.38	-1.49	23
-162.18	67.84	12	-3.73	3.04	0.68	-0.19	0.91	-2.09	24
-161.97	67.82	22	-3.46	3.05	0.41	-0.38	-0.34	-0.53	23
-162.62	68.05	30	-3.69	2.8	0.89	1.41	0.34	-1.07	23
-162.07	67.85	12	-5.09	4.66	0.43	-1.49	-0.37	-2.73	24
-162.16	67.84	12	-3.47	2.9	0.57	0.6	1.45	-2.2	24
-109.12	32.66	14	-0.86	-0.21	1.07	-0.23	-0.07	0.41	24
-162.1	67.94	27	-2.38	1.62	0.76	0.17	0.85	-1.27	23
-145.36	59.43	12	-5.22	4.97	0.25	-2.69	-1.58	0.84	23
-114.28	30.43	12	-3.58	0.1	3.48	-2.3	-0.98	0.97	23
-114.25	30.47	12	-0.66	0.02	0.63	-0.32	-0.27	0.19	24
-114.27	30.48	12	-1.15	-0.03	1.18	-0.22	-0.56	0.33	24
-114.42	30.47	12	-1.63	0.09	1.54	-0.08	0.59	0.24	23
-114.3	30.62	15	-1.14	-0.6	1.74	0.11	0.11	0.63	23
-149.74	62.05	64	-2.42	-0.79	3.22	-0.02	-0.33	-0.14	23
-119.65	41.95	17	-1.29	-0.08	1.37	-0.19	-0.59	0.14	23
-119.56	41.91	19	-1.28	-0.09	1.37	-0.27	-0.64	0.3	23
-128.68	43.8	12	-5.81	-1.09	6.9	0.8	-2.76	1.23	23
-128.72	43.8	12	-4.24	0.07	4.17	0.01	-1.87	1.04	23
-111.75	35.1	14	-1.03	-0.06	1.09	-0.38	-0.35	0.77	23
-178.06	51.96	24	-1.96	0.66	1.3	1.14	0.19	0.37	23
-114.07	44.52	14	-3.03	1.49	1.54	-0.85	-1.01	-2.86	23
-130.54	50.5	15	-0.09	-0.34	0.42	0.78	-1.24	0.95	23
-119.58	41.85	19	-1.58	-0.5	2.08	-1.17	-0.64	0.27	23
-169.31	56.79	19	-2.38	2.05	0.33	0.26	1.05	-0.55	23
-168.74	56.64	12	-0.77	0.64	0.12	-0.89	-0.52	-0.14	24
-169.05	56.78	12	-2.0	1.73	0.27	0.37	-0.34	-0.6	23
-169.07	56.77	12	-1.4	1.4	0.01	-0.03	0.19	-0.18	24
-169.11	56.81	12	-0.71	0.71	-0.0	0.08	0.03	-0.13	24
-169.09	56.83	12	-6.26	6.23	0.04	0.94	-0.09	-1.51	23
-169.14	56.83	12	-1.21	1.31	-0.1	0.26	-0.02	-0.18	24
-117.33	37.15	20	-3.06	0.86	2.2	-0.26	0.89	1.12	23
-175.84	50.08	12	-0.64	0.78	-0.15	-0.17	0.11	0.22	24
-127.23	41.77	20	-1.5	-0.05	1.54	-0.48	0.1	0.1	23
-173.31	50.51	12	-3.82	4.35	-0.53	0.02	-0.24	1.3	24
-162.9	52.84	12	-0.8	0.65	0.15	-0.12	0.08	0.34	24
-172.91	50.45	12	-4.28	4.74	-0.46	-2.33	-0.61	0.58	23
-154.08	57.72	31	-2.65	0.66	1.99	-0.17	-0.2	-0.93	23
-177.47	51.46	30	-2.02	-0.41	2.43	0.54	0.87	-1.05	23
-119.5	41.9	22	-1.9	-0.94	2.84	-0.66	-1.14	0.23	23
-179.04	51.86	92	-1.05	-0.91	1.96	-0.77	-3.25	-0.51	24
-174.95	51.35	18	-2.62	3.18	-0.56	2.23	1.48	-0.12	23
-128.95	48.54	21	-2.2	0.07	2.13	0.91	-0.83	0.2	23
-127.4	40.87	12	-3.19	0.16	3.03	-1.02	-3.93	-0.02	23
-127.5	40.88	12	-3.34	-0.3	3.64	-1.06	-0.8	0.28	23
-127.4	41.02	18	-2.68	0.02	2.66	-1.45	-0.73	-0.11	23
-144.63	59.76	14	-3.91	2.75	1.15	2.81	-1.66	1.45	23
-128.68	43.74	14	-2.47	0.25	2.22	-0.24	-0.83	0.66	23
-161.6	56.24	207	-1.0	0.11	0.89	0.69	0.17	-0.62	24
-175.53	50.45	13	-3.1	3.09	0.01	-0.17	-0.04	-0.29	23
-178.36	51.49	25	-0.43	-2.63	3.06	3.8	-1.01	-1.81	23
-123.94	40.66	30	-1.76	-0.12	1.88	0.71	0.52	-1.7	23
-156.51	58.61	203	0.12	-0.49	0.37	-1.17	1.56	-0.31	24
-114.38	30.6	19	-1.52	0.26	1.26	0.32	0.5	0.34	23
-162.77	52.7	17	-4.33	3.41	0.92	-0.3	0.17	2.03	23
-172.76	52.75	129	-0.87	0.57	0.3	-1.62	-0.58	-1.55	23
-176.9	52.39	149	-1.19	-0.06	1.24	-1.57	-0.43	-1.23	23
-178.74	51.94	99	-0.35	0.93	-0.57	-3.12	-1.16	-2.61	23
-174.66	52.59	148	-3.12	1.67	1.45	-1.27	-0.75	-2.07	23
-176.12	50.45	17	-2.01	2.26	-0.25	0.32	-1.0	-0.06	23
-169.71	52.96	88	-0.03	-0.12	0.15	-0.91	-0.43	0.18	24
-151.17	63.1	27	0.38	2.09	-2.46	-1.51	-2.04	0.11	23
-178.61	51.84	20	-2.44	1.24	1.2	0.94	1.12	-0.85	23
-178.16	51.55	17	-2.15	0.96	1.19	-0.94	-0.48	-1.04	23
-178.35	51.76	12	-4.79	0.88	3.92	1.69	1.02	-4.42	24
-166.6	52.22	12	-0.82	0.8	0.01	-0.36	0.14	0.29	24
-166.65	52.26	12	-6.12	6.14	-0.01	-0.78	1.19	2.26	24
-151.76	60.92	96	-5.92	-0.63	6.56	1.15	4.35	0.19	23
-153.57	58.5	61	-0.84	-0.4	1.24	1.59	1.72	0.69	24
-111.26	42.67	15	-1.05	-0.02	1.07	0.1	-0.06	0.01	24
-111.33	42.81	16	-1.46	0.15	1.31	1.04	0.34	0.16	23
-111.29	42.71	15	-1.54	0.03	1.51	0.64	-0.11	0.01	23
-111.35	42.49	21	-1.97	-0.25	2.22	-0.99	0.21	-0.04	23
-111.16	42.6	22	-1.23	-0.4	1.63	0.27	-0.29	0.86	23
-111.33	42.64	18	-3.25	-0.77	4.02	0.49	0.13	1.68	23
-127.53	41.28	17	-1.46	0.29	1.17	0.01	-0.55	0.01	23
-169.57	51.01	12	-1.21	1.18	0.03	0.11	-0.05	0.19	23
-147.42	60.68	27	-0.33	-0.29	0.62	0.88	1.1	0.02	24
-166.89	52.08	23	-2.59	1.92	0.67	0.0	-0.31	0.88	23
-148.42	56.51	12	-2.27	0.22	2.05	0.19	-0.85	0.29	24
-149.19	56.09	36	0.48	-0.68	0.2	0.04	-0.55	0.64	24
-148.51	56.51	16	-2.34	0.55	1.79	-0.27	0.5	0.08	23
-179.31	52.56	223	0.26	-2.41	2.15	5.11	-1.99	-0.66	24
-114.11	31.21	12	-1.14	-0.22	1.36	1.25	-1.06	0.66	23
-114.2	30.95	12	-3.06	0.07	2.99	-1.6	-0.98	1.6	23
-150.73	63.2	124	-1.28	1.06	0.23	0.44	2.78	1.54	23
-127.14	41.82	13	-2.55	0.06	2.49	0.05	-0.89	0.23	23
-127.13	41.88	12	-0.74	0.02	0.73	-0.0	-0.37	0.04	24
-127.14	41.86	20	-4.53	0.45	4.08	-0.79	-0.49	0.12	23
-127.14	41.88	12	-2.58	-0.04	2.63	-0.16	-0.9	0.04	24
-127.18	41.76	18	-2.64	0.39	2.25	-0.17	-0.75	0.07	23
-114.32	31.29	12	-1.09	-0.07	1.16	0.17	-0.3	0.41	23
-178.47	49.93	21	-2.84	2.58	0.26	-0.82	0.46	-0.21	23
-144.36	69.68	15	-0.15	-0.6	0.75	1.93	-1.11	-1.54	23
-178.38	51.68	20	-1.6	0.07	1.53	1.01	0.85	-1.25	23
-168.45	53.13	98	0.83	-0.79	-0.04	-2.23	-0.48	1.9	23
-158.93	55.76	58	-3.06	2.96	0.1	1.35	1.9	1.04	23
-156.14	67.94	21	-2.92	3.5	-0.58	0.55	-2.35	-1.73	23
-165.89	53.87	72	-0.01	-1.26	1.27	-1.93	-0.56	0.99	23
-126.98	42.41	18	-1.83	0.3	1.54	0.35	-0.65	0.71	23
-150.02	61.49	48	-3.58	-0.4	3.98	0.46	2.86	0.64	26
-150.21	61.47	64	-1.03	-1.85	2.89	1.46	1.97	0.31	23
-150.06	61.36	50	-3.88	-0.78	4.66	1.9	0.53	-0.03	23
-150.37	61.26	55	-1.54	-0.1	1.64	0.42	1.52	-0.67	23
-150.0	61.31	48	-3.2	-0.2	3.41	-0.5	1.17	0.7	23
-153.32	58.43	60	0.69	-1.72	1.03	2.79	0.53	2.52	23
-150.34	61.26	53	-1.96	-1.64	3.59	1.53	1.43	0.13	23
-157.08	66.36	13	-3.33	3.51	-0.17	-0.02	-0.95	-3.94	23
-157.37	66.34	15	-1.97	1.52	0.45	-0.05	0.62	-1.57	23
-127.51	40.77	12	-3.86	0.15	3.71	0.35	-1.68	-0.23	23
-157.39	66.47	17	-1.36	0.93	0.43	1.13	0.37	-0.84	23
-128.67	43.83	12	-3.05	0.22	2.82	0.06	-1.14	0.64	23
-128.7	43.88	12	-1.03	-0.07	1.1	0.24	-0.43	0.24	24
-128.73	43.83	12	-1.01	0.09	0.93	0.12	-0.3	0.09	24
-128.68	43.82	13	-1.86	0.08	1.78	0.38	-1.04	0.14	23
-117.7	36.02	12	-1.55	-0.63	2.17	0.59	0.15	-0.04	23
-165.79	52.22	18	-5.78	5.54	0.24	-1.82	-2.36	4.13	23
-178.74	51.57	12	-0.87	0.21	0.66	0.19	0.52	-0.1	24
-177.29	50.38	12	-1.25	1.29	-0.04	0.07	0.01	-0.1	24
-151.15	61.82	73	-3.94	-1.17	5.11	-1.22	6.17	2.96	23
-172.88	52.47	120	-1.71	0.01	1.71	1.2	-0.71	-2.0	23
-129.09	48.25	23	-1.71	0.14	1.57	-0.4	0.03	0.09	23
-151.28	55.53	19	-3.35	-0.5	3.85	1.51	-2.44	1.74	23
-111.99	40.8	12	-3.06	0.2	2.86	0.87	-0.57	-1.26	24
-111.98	40.67	21	-2.28	0.57	1.71	-0.22	-0.62	-0.52	23
-119.55	39.22	22	-1.65	-1.11	2.76	1.63	-0.8	0.17	23
-177.67	52.0	102	-0.72	0.2	0.52	-3.36	0.16	-1.69	23
-103.87	31.8	12	-3.71	3.85	-0.14	0.21	-1.29	-0.66	23
-117.67	38.24	21	-1.4	0.44	0.96	0.13	-0.2	0.69	23
-127.45	40.89	14	-3.36	0.22	3.14	-0.15	-1.25	-0.44	23
-127.46	40.96	12	-1.0	0.01	0.99	0.06	-0.49	-0.09	24
-127.49	40.85	14	-2.56	0.35	2.21	-0.01	-0.62	-0.05	23
-117.91	36.48	20	-1.48	-0.26	1.75	0.84	-0.6	0.7	23
-117.94	36.46	18	-4.42	-3.22	7.65	2.39	-1.07	1.05	24
-115.32	44.44	17	-0.94	1.14	-0.2	-0.25	0.9	-0.83	23
-160.41	53.22	12	-1.56	1.48	0.09	0.46	0.11	0.71	24
-159.61	54.38	28	-2.44	1.41	1.03	0.35	0.66	1.86	23
-159.74	54.52	22	0.52	-0.84	0.32	-0.19	1.5	1.48	23
-159.69	54.62	28	0.07	-0.12	0.05	0.64	2.01	1.78	23
-173.49	53.13	239	-0.06	-0.52	0.58	1.66	-0.53	-0.78	24
-162.63	52.43	18	-4.21	3.44	0.77	-0.93	0.83	1.39	23
-150.19	61.58	51	-3.58	-1.76	5.35	-0.83	2.72	0.06	23
-111.43	27.44	12	-1.6	0.48	1.11	-0.36	0.41	0.95	23
-118.01	38.3	27	-3.83	0.63	3.2	0.96	-0.46	1.51	23
-160.1	53.57	20	-0.67	0.54	0.13	-0.07	-0.4	0.54	24
-127.32	40.68	19	-3.21	0.7	2.51	1.16	-0.66	-0.99	23
-155.3	57.17	54	-0.24	-0.39	0.62	0.92	0.26	0.45	24
-150.16	61.34	55	-1.04	-0.17	1.21	0.02	0.48	0.04	24
-115.18	32.56	12	-1.79	0.34	1.45	0.67	0.02	0.33	23
-169.29	52.59	27	-1.93	2.77	-0.84	-3.39	2.83	0.73	23
-148.74	63.23	93	-1.67	2.2	-0.53	1.4	-0.55	0.63	24
-128.61	43.56	18	-1.25	0.05	1.2	-1.21	-0.15	-0.07	23
-128.61	43.76	12	-1.24	-0.19	1.43	0.09	-0.62	0.11	24
-128.62	43.78	12	-0.84	0.03	0.81	0.05	-0.3	0.2	24
-128.6	43.78	12	-0.92	0.04	0.89	-0.07	-0.29	0.16	24
-127.63	41.18	20	-1.56	0.34	1.22	-0.05	-0.43	0.03	23
-148.41	62.57	66	-1.07	0.49	0.58	0.13	0.48	1.42	25
-159.67	53.38	14	-1.81	1.43	0.38	0.22	0.46	0.62	23
-160.35	53.19	12	-0.84	0.86	-0.02	-0.57	0.22	0.66	24
-172.48	51.98	22	-1.44	-0.65	2.09	1.26	-0.22	0.15	23
-119.48	38.51	12	-0.91	-0.22	1.12	0.03	-0.19	0.18	25
-109.17	30.39	12	-5.48	-1.29	6.77	-2.13	2.18	-1.44	23
-114.95	41.04	20	-1.51	-0.01	1.51	0.78	0.09	0.47	23
-114.09	30.78	12	-1.74	-0.07	1.81	-0.5	-0.36	1.05	23
-113.71	30.0	12	-1.17	0.06	1.11	0.24	0.09	0.17	23
-130.36	44.53	15	-0.94	-0.29	1.23	-0.25	-0.19	0.1	23
-113.68	30.01	12	-2.56	0.13	2.44	0.71	-0.07	0.48	23
-113.65	30.05	12	-1.99	0.22	1.77	0.97	-0.3	0.36	23
-113.68	30.1	12	-1.98	0.21	1.77	1.42	-0.4	0.32	23
-113.66	30.07	16	-2.2	0.22	1.98	1.06	-0.34	0.65	23
-113.71	30.0	13	-1.34	0.19	1.15	0.35	0.2	0.35	23
-113.7	29.98	12	-2.02	0.38	1.64	0.55	0.16	0.6	23
-113.68	29.91	12	-2.42	0.27	2.15	-0.1	-0.67	0.91	23
-113.71	30.15	22	-1.91	0.13	1.78	0.91	0.34	0.72	23
-113.69	29.97	12	-3.13	0.18	2.94	0.8	-0.67	1.07	23
-113.68	29.97	12	-1.63	0.11	1.52	0.12	-0.24	0.58	23
-113.73	29.94	12	-1.12	0.16	0.96	0.11	-0.1	0.48	23
-113.7	29.94	12	-2.11	0.62	1.49	-0.03	-0.16	0.88	23
-113.75	29.88	12	-1.51	0.15	1.36	-0.37	0.14	0.53	23
-155.22	57.32	59	-4.89	2.81	2.08	0.24	1.55	2.74	23
-140.41	60.57	44	-2.48	4.62	-2.14	0.93	3.88	3.66	23
-171.46	52.92	136	-1.69	-0.51	2.2	-1.67	-0.01	-1.97	23
-170.64	53.01	146	-1.53	1.44	0.09	-1.83	-0.79	-1.64	23
-148.93	62.82	78	-5.16	5.23	-0.07	4.96	-0.47	2.65	23
-166.81	52.89	36	-1.69	3.54	-1.84	2.3	1.69	-0.38	23
-113.64	30.17	12	-1.25	0.24	1.02	-0.38	-0.24	0.52	23
-161.65	56.3	215	-0.6	0.1	0.5	0.54	-0.01	-0.51	24
-113.69	30.14	12	-6.08	1.06	5.03	-0.09	-1.13	3.09	23
-113.72	30.17	17	-4.71	1.07	3.65	0.26	0.9	2.44	23
-113.69	30.19	17	-5.36	1.42	3.94	0.68	-0.04	1.99	23
-169.16	56.78	12	-1.21	1.28	-0.07	0.46	-0.46	-0.25	24
-169.12	56.7	21	-1.52	1.34	0.19	-0.21	-0.09	-0.28	24
-174.95	52.34	17	-0.53	0.43	0.1	0.22	0.39	-0.65	24
-151.25	61.0	79	-0.92	-0.79	1.7	0.14	2.01	0.14	23
-107.39	27.95	24	-2.48	0.59	1.88	-0.14	-0.03	-0.7	23
-127.02	41.91	15	-2.18	0.28	1.9	-0.19	-0.85	-0.03	23
-156.64	56.24	39	-4.8	0.66	4.15	3.05	4.61	0.9	23
-147.49	61.88	55	-1.52	0.38	1.13	0.56	-1.12	1.69	23
-103.91	31.73	12	-1.16	0.9	0.26	-0.11	-0.23	-0.82	24
-150.46	61.37	61	-1.44	-0.22	1.66	0.63	2.35	-0.72	23
-103.76	31.58	27	-2.44	1.74	0.71	-0.69	0.21	-0.77	23
-103.92	31.56	21	-1.92	1.29	0.63	-0.03	0.01	-0.55	23
-127.47	40.63	14	-2.09	0.28	1.81	-0.17	-0.32	-0.25	23
-102.04	32.29	12	-6.54	6.0	0.54	2.08	-0.06	2.66	23
-128.62	43.85	18	-5.88	0.72	5.16	-0.81	-0.93	1.12	23
-169.5	53.22	164	-1.55	0.88	0.67	-1.23	-0.76	0.2	23
-172.59	50.57	12	-3.85	3.89	-0.04	-0.34	0.14	-0.16	23
-129.69	50.0	13	-0.66	-0.8	1.45	-0.51	-0.56	0.46	23
-167.28	53.58	78	-0.54	-1.18	1.72	-1.91	-1.32	0.92	23
-109.78	25.66	12	-3.7	-0.98	4.69	0.01	0.1	0.81	23
-121.08	40.27	14	-1.63	-0.17	1.81	0.7	-0.24	-0.95	24
-169.72	53.19	120	-0.72	0.27	0.45	-1.5	-0.2	0.77	24
