-130.93	51.63	22	-0.17	-0.16	0.33	0.18	-0.16	1.08	25
-126.22	41.46	15	0.06	-1.31	1.25	0.02	0.16	0.42	26
-129.77	48.93	15	-0.06	-1.12	1.18	-0.02	0.0	-0.35	26
-130.67	43.66	15	-0.03	-4.56	4.59	1.98	0.49	-1.72	24
-113.1	29.07	15	0.17	-1.21	1.04	0.06	0.47	0.1	25
-124.35	39.2	15	-0.24	-6.5	6.74	0.0	0.0	4.86	23
-154.43	58.09	134	0.41	-1.27	0.86	-0.16	0.49	-0.29	24
-149.35	62.45	67	-3.07	1.95	1.12	2.99	0.95	5.54	23
-130.26	49.1	11	-0.44	-3.15	3.59	0.0	0.0	0.03	25
-153.37	59.6	127	0.71	-1.55	0.84	0.26	0.9	0.23	25
-111.67	27.81	15	-0.63	-2.41	3.04	0.25	0.27	-0.16	24
-157.27	64.12	33	-0.02	1.41	-1.4	0.18	0.96	-2.74	23
-176.29	52.26	152	0.19	-0.61	0.43	4.32	-6.15	-7.0	23
-112.84	28.16	15	-0.14	-1.03	1.17	-0.01	-0.16	0.35	24
-130.57	49.77	10	-0.07	-1.38	1.45	0.0	0.0	0.81	24
-130.62	49.43	10	-0.02	-3.93	3.95	0.0	0.0	0.06	24
-117.03	34.34	10	0.27	-1.16	0.89	0.0	0.0	2.05	24
-110.99	26.64	15	-0.19	-2.7	2.88	-0.29	0.19	-0.25	24
-131.21	51.07	15	-0.31	-1.95	2.27	-0.1	0.37	0.63	24
-134.94	55.36	15	-0.01	-1.59	1.61	0.26	0.23	1.11	24
-122.51	36.97	10	-0.16	-3.96	4.12	0.0	0.0	3.06	24
-115.99	32.82	10	-1.68	-4.16	5.84	0.0	0.0	4.09	23
-116.15	32.75	10	-1.33	-1.64	2.98	0.0	0.0	2.31	24
-122.91	37.75	11	-1.41	-3.79	5.2	-2.89	-2.99	2.44	24
-124.94	40.11	15	0.05	-0.35	0.3	0.22	0.57	-1.91	24
-127.14	42.59	15	0.03	-2.05	2.01	0.78	-0.77	-1.12	24
-147.53	61.47	39	-2.32	1.02	1.3	-1.07	1.69	3.55	23
-128.46	49.37	15	-0.09	-1.04	1.12	0.0	0.0	-0.61	24
-119.35	37.17	15	-1.72	-2.72	4.43	0.0	0.0	-7.49	24
-115.36	32.26	10	-0.52	-3.51	4.03	0.0	0.0	0.98	25
-109.99	25.95	15	-0.05	-2.19	2.24	0.44	0.63	-0.24	24
-151.53	63.49	15	1.14	0.48	-1.62	2.08	0.79	-4.81	23
-113.93	29.7	15	-0.81	-1.49	2.3	0.76	-0.03	0.63	24
-118.55	38.14	15	-3.77	-3.1	6.87	-1.94	2.99	7.19	23
-113.73	29.34	15	-0.74	-2.05	2.8	0.0	0.0	0.58	24
-130.47	50.44	15	-0.71	-0.79	1.5	0.0	0.0	1.91	24
-124.36	41.14	15	0.06	-1.01	0.95	0.4	0.32	0.18	27
-130.54	49.37	10	-0.14	-1.23	1.38	0.0	0.0	0.5	26
-126.27	42.51	15	-0.37	-1.38	1.75	0.27	-0.08	1.16	24
-122.14	46.76	15	-1.69	-2.55	4.24	-2.54	-3.52	8.48	23
-162.46	68.04	15	-0.44	1.74	-1.3	0.04	0.62	-1.35	24
-152.95	59.99	127	1.19	-2.86	1.67	1.38	1.9	1.33	24
-119.33	32.9	10	1.0	-7.61	6.61	0.0	0.0	-0.91	24
-119.16	37.5	10	-0.64	-1.31	1.95	-0.82	-1.49	-2.03	24
-128.2	43.36	10	-0.35	-3.98	4.34	0.0	0.0	-3.12	25
-128.4	43.28	15	-0.22	-5.1	5.32	-0.35	-0.24	-4.42	24
-125.57	40.41	15	0.42	-0.48	0.06	0.0	0.0	-1.85	24
-125.38	41.28	15	-0.24	-1.95	2.19	0.0	0.0	0.66	24
-113.03	29.03	10	-0.55	-2.54	3.08	0.0	0.0	0.55	24
-130.7	50.31	10	-0.1	-4.86	4.96	0.0	0.0	3.09	24
-112.71	27.84	15	-2.49	-4.12	6.61	0.0	0.0	0.63	23
-126.39	32.78	15	-2.52	4.39	-1.87	-4.13	-2.5	7.56	23
-129.97	44.29	15	-0.31	-1.9	2.2	0.0	0.0	-3.09	24
-170.72	51.82	15	0.25	0.71	-0.96	1.07	0.71	0.63	24
-118.22	36.7	15	0.19	-0.84	0.66	0.0	0.0	-1.07	24
-118.21	36.52	15	2.69	-5.07	2.38	0.0	0.0	-9.73	23
-126.16	40.37	15	0.46	-0.51	0.05	0.62	-0.23	-1.99	24
-125.34	40.1	35	0.8	-0.94	0.14	0.51	-0.75	-1.67	25
-151.32	62.39	109	0.84	-1.37	0.53	1.42	1.15	1.91	24
-170.43	52.28	59	0.17	4.19	-4.35	-3.17	-1.4	3.95	23
-155.43	56.95	68	-2.66	1.1	1.55	-0.6	3.16	6.39	23
-124.82	41.1	10	1.8	-2.64	0.84	-2.3	5.84	-5.61	24
-112.11	28.01	10	0.35	-1.31	0.95	-0.02	0.2	-0.55	25
-122.16	37.59	10	-0.14	-1.58	1.72	0.42	0.31	1.19	25
-131.09	51.13	10	-0.63	-3.62	4.25	-1.16	0.31	4.5	24
-113.86	29.85	10	-1.38	-5.42	6.79	2.6	0.53	1.47	23
-124.84	40.21	10	-1.52	-4.2	5.72	8.8	4.85	-7.33	23
-130.4	50.02	10	-0.3	-0.89	1.19	-0.14	-0.24	0.27	24
-149.02	62.15	19	0.35	4.2	-4.55	-0.08	1.58	-4.43	24
-113.75	44.64	10	-0.11	0.61	-0.51	-1.41	-0.68	-1.8	24
-133.63	53.92	10	-0.2	-6.43	6.63	1.58	3.17	3.85	24
-114.48	31.15	10	0.36	-1.76	1.4	-0.39	-0.2	-0.07	24
-106.99	43.69	20	-0.48	2.24	-1.75	1.26	-1.51	0.75	23
-127.12	40.86	10	-0.87	0.25	0.61	-1.07	4.14	-9.11	25
-109.47	25.14	10	-0.24	-2.65	2.9	-0.6	0.82	0.2	24
-110.38	26.3	10	-1.36	-6.8	8.16	2.49	-1.26	0.07	23
-118.81	37.59	10	-1.56	-3.79	5.35	2.14	3.04	0.37	24
-118.17	37.3	10	-0.4	-2.38	2.78	3.6	1.37	-4.1	23
-149.98	66.37	10	0.74	-5.28	4.55	-2.31	2.44	-5.59	23
-149.94	66.53	12	-0.04	-1.57	1.62	0.72	0.32	-0.71	25
-150.45	66.47	13	0.27	-0.44	0.17	-0.68	0.16	-1.62	24
-128.03	43.54	10	-0.13	-3.96	4.09	1.53	1.21	-3.14	25
-154.06	58.58	106	2.47	-9.31	6.84	5.07	4.38	1.95	23
-121.81	37.24	15	-0.2	-0.6	0.8	0.0	0.0	1.33	24
-127.6	42.97	15	-0.36	-6.53	6.89	0.0	0.0	-5.65	23
-125.68	41.89	15	-0.29	-0.79	1.07	0.19	0.62	-0.01	24
-168.22	54.43	35	-0.01	-2.92	2.93	0.07	0.25	-3.43	24
-121.72	37.72	15	-0.43	-0.67	1.1	0.61	-0.35	3.02	24
-168.17	54.4	15	-0.06	-0.99	1.06	0.3	0.09	0.21	25
-174.73	52.51	15	-0.01	2.89	-2.88	1.59	0.78	-2.88	25
-174.74	52.41	27	-0.29	1.5	-1.21	0.65	1.73	-2.21	24
-174.7	52.53	15	0.07	4.6	-4.68	3.26	1.87	-4.46	25
-175.02	52.68	15	-6.96	9.52	-2.56	0.07	5.55	-9.1	23
-153.2	58.88	88	0.55	-1.01	0.46	1.0	2.64	4.71	23
-153.01	65.84	15	0.15	-0.26	0.11	0.48	0.52	-1.21	24
-168.1	54.59	50	0.12	-6.63	6.51	-0.21	0.55	-5.36	23
-174.62	52.49	15	0.19	0.89	-1.08	0.42	0.52	-0.98	24
-118.62	37.53	15	-1.18	-1.63	2.81	-0.7	-0.61	0.94	25
-118.56	37.7	15	-0.56	-0.86	1.41	-0.58	0.53	1.41	24
-127.39	42.96	15	-0.3	-2.1	2.4	0.62	0.22	-2.0	24
-179.22	64.06	15	0.05	1.11	-1.16	-0.6	-0.14	-0.99	24
-115.22	32.15	15	0.11	-1.42	1.3	0.67	-0.29	-1.41	24
-159.59	54.67	50	1.39	-3.87	2.49	0.37	4.93	7.8	23
-176.1	51.41	15	-1.26	-0.98	2.23	0.83	1.49	-3.13	23
-127.21	42.81	15	-0.02	-9.75	9.77	3.26	2.52	-9.46	23
-153.43	60.02	175	1.18	-2.66	1.48	0.93	1.39	1.19	24
-124.19	40.28	18	0.43	-1.4	0.97	0.0	0.0	0.06	25
-117.76	34.24	15	1.28	-7.95	6.67	0.0	0.0	3.52	23
-160.84	55.55	47	0.12	2.16	-2.28	0.25	-2.26	1.33	23
-143.62	58.87	15	-0.99	-0.79	1.78	0.39	-3.46	5.38	26
-143.74	59.11	15	-1.43	-4.59	6.02	4.07	-6.0	8.66	23
-143.23	58.98	15	-0.15	0.46	-0.32	-0.82	0.58	3.78	23
-143.5	58.85	15	-0.5	-0.96	1.46	0.3	-0.14	5.31	24
-115.69	33.02	15	-0.07	-1.31	1.38	0.0	0.0	-0.48	25
-116.0	33.02	15	0.54	-7.28	6.74	-0.94	-1.1	-0.38	25
-142.04	58.17	15	-0.65	-1.23	1.88	2.55	-0.58	6.58	27
-142.56	58.05	15	-0.13	-0.84	0.98	0.8	-0.66	5.15	24
-143.66	58.82	15	0.06	0.4	-0.46	0.15	-0.11	1.08	24
-142.77	58.65	15	0.0	1.27	-1.27	0.0	0.0	0.93	24
-127.59	43.43	15	-0.24	-4.64	4.88	-1.57	-0.09	-4.32	23
-142.36	59.33	15	0.75	-0.72	-0.02	0.0	0.0	1.75	24
-153.08	60.44	148	0.86	-5.5	4.64	0.39	2.38	1.54	25
-114.15	29.62	15	-0.44	-4.72	5.16	-1.09	-1.21	-1.53	24
-143.53	57.37	15	0.19	-0.05	-0.14	-1.39	1.18	4.56	27
-143.41	57.08	15	1.13	-0.38	-0.75	-1.92	0.67	4.04	23
-143.2	57.9	15	-1.07	-1.7	2.77	0.72	-1.53	5.85	24
-129.13	48.7	15	-2.07	-4.91	6.98	0.14	-0.39	-4.7	23
-121.74	37.38	15	0.13	-3.86	3.74	1.1	0.23	1.21	23
-111.02	26.75	15	0.09	-1.04	0.95	-0.33	-0.01	-0.22	26
-130.88	50.96	15	-0.53	-1.07	1.61	-0.14	-0.31	2.64	24
-129.84	44.15	15	-0.37	-1.38	1.75	0.0	0.0	-1.36	24
-152.57	61.41	143	1.65	-4.4	2.75	0.69	1.66	1.71	24
-112.09	39.29	24	-1.0	-8.0	9.0	0.0	0.0	-7.39	23
-144.01	57.27	15	0.09	-0.64	0.55	0.0	0.0	5.23	23
-128.12	43.38	15	0.04	-1.79	1.75	0.85	0.41	-1.71	24
-125.06	40.99	16	-0.54	-2.24	2.78	0.0	0.0	-5.64	23
-110.0	25.36	15	0.15	-1.02	0.87	-0.35	-0.2	0.18	24
-110.22	25.48	15	0.26	-2.6	2.34	-0.37	-0.26	-0.93	24
-128.28	43.46	15	-0.02	-2.19	2.2	-0.32	-0.29	-1.6	24
-124.94	40.06	15	0.46	-2.12	1.65	0.0	0.0	-0.53	24
-128.5	43.52	15	0.18	-3.07	2.89	0.6	-0.87	-1.84	24
-130.69	50.99	15	-0.56	-1.09	1.65	0.0	0.0	1.46	24
-128.91	44.15	15	-0.45	-1.34	1.79	0.0	0.0	0.93	24
-128.79	49.16	15	0.05	-1.15	1.1	-0.03	-0.32	-0.79	24
-118.06	34.11	15	1.26	-4.33	3.07	0.38	0.81	-0.94	24
-153.17	58.3	60	-1.39	-0.3	1.69	-1.37	0.65	2.7	24
-174.26	52.47	15	-0.19	0.18	0.0	-0.07	-0.5	-1.21	24
-152.26	60.01	93	0.73	-1.85	1.12	0.66	-0.81	-0.42	24
-178.62	52.36	142	-0.99	-3.79	4.78	3.87	-2.97	1.84	23
-164.02	51.86	22	-0.91	2.2	-1.29	0.76	-0.15	2.16	24
-119.32	38.17	15	-0.27	-0.77	1.04	-0.29	0.46	0.41	24
-170.7	51.63	19	-0.65	5.58	-4.93	4.16	-1.33	8.19	24
-113.7	30.12	15	-0.26	-0.73	0.99	0.0	0.0	1.4	24
-150.25	63.01	82	-0.33	-1.04	1.37	0.24	0.67	6.52	23
-136.99	58.97	15	-0.76	-1.9	2.66	0.56	0.07	1.86	24
-125.86	42.09	16	-0.06	-1.98	2.04	0.35	0.27	0.01	26
-130.86	50.92	15	-0.25	-1.77	2.03	0.24	0.39	1.01	24
-125.64	41.28	15	1.5	0.03	-1.53	0.0	0.0	-7.03	23
-169.15	54.34	278	5.83	-5.95	0.12	3.77	-5.0	-7.99	24
-125.56	41.23	15	0.12	-2.86	2.74	-0.71	1.02	-0.66	25
-125.63	41.71	15	0.1	-3.95	3.85	1.2	1.73	0.01	26
-110.05	25.74	15	0.28	-8.74	8.46	0.0	0.0	4.34	23
-129.7	48.53	23	-0.17	-1.22	1.38	0.07	-0.12	0.0	25
-129.72	49.24	15	-0.06	-0.99	1.05	0.67	0.05	-0.45	24
-177.79	51.8	34	2.07	-1.37	-0.7	-0.65	1.83	-3.31	23
-124.1	40.25	15	0.68	-1.96	1.27	0.0	0.0	-0.91	24
-130.52	50.86	15	-0.18	-0.88	1.06	0.37	0.0	0.56	26
-130.79	50.58	15	-1.47	-3.87	5.34	-2.23	-1.02	8.72	24
-130.75	51.07	15	-0.77	-1.38	2.14	0.0	0.0	8.05	23
-116.52	34.07	15	-0.31	-0.47	0.77	-0.03	0.09	2.01	25
-130.88	51.28	15	-0.38	-1.98	2.36	1.26	1.59	1.23	24
-124.61	40.37	15	2.4	-6.56	4.16	-0.7	-0.81	-2.29	25
-124.69	40.42	15	0.97	-9.64	8.67	3.22	-2.22	-0.88	25
-153.36	59.64	140	1.07	-2.15	1.08	0.26	1.26	0.82	24
-115.27	27.64	15	2.43	-9.23	6.79	0.0	0.0	4.57	23
-116.65	34.65	15	-0.88	-6.12	7.0	3.81	0.1	7.34	26
-117.24	34.27	15	0.14	-6.81	6.67	0.04	0.36	0.62	25
-116.5	33.97	15	0.03	-1.44	1.41	0.3	0.41	1.18	24
-155.48	56.34	65	-0.19	0.39	-0.2	1.66	0.74	4.14	23
-127.34	43.23	15	-0.35	-2.49	2.84	-0.29	-0.52	-2.13	24
-142.92	57.59	15	-0.06	-0.33	0.39	-0.15	-0.68	1.59	26
-116.67	34.49	15	-4.32	-4.22	8.54	0.0	0.0	3.98	23
-177.67	51.11	15	-0.88	-4.48	5.36	1.71	1.88	-8.73	23
-172.73	52.28	27	-2.01	-2.54	4.55	-0.09	0.72	1.66	24
-176.81	52.11	71	-1.55	-3.91	5.46	7.73	4.72	-5.68	23
-130.68	50.88	15	-2.5	-1.87	4.37	6.03	-0.95	9.82	24
-126.58	40.54	15	-0.02	-1.17	1.19	0.49	-0.25	-0.48	24
-152.69	59.84	134	3.55	-7.68	4.14	0.05	5.19	2.94	24
-130.14	44.27	15	-0.2	-2.35	2.56	0.8	0.3	-1.63	24
-109.2	25.0	15	0.02	-4.15	4.13	0.31	1.69	-0.1	24
-125.78	40.59	15	-0.2	-0.61	0.82	-0.41	1.75	-3.39	26
-119.75	38.74	15	-2.16	-6.95	9.11	-2.02	0.46	-0.4	24
-161.69	54.26	48	0.15	-0.84	0.69	0.15	0.34	1.16	24
-114.93	31.92	15	-0.23	-7.12	7.35	0.07	-0.07	4.0	23
-109.86	25.56	15	-0.14	-4.05	4.19	0.0	0.0	-1.81	23
-128.11	43.42	15	-0.07	-2.65	2.72	0.33	-0.03	-2.18	25
-124.62	40.94	15	-0.1	-1.39	1.49	-0.07	-0.52	1.41	24
-153.06	59.37	121	0.62	-2.52	1.9	1.22	1.47	0.62	24
-125.74	40.43	15	-0.05	-8.98	9.04	2.23	2.1	-2.91	25
-130.88	51.07	15	-0.28	-0.78	1.07	0.01	-0.13	1.18	24
-110.27	26.13	15	0.03	-5.9	5.87	0.27	1.44	-0.68	25
-117.8	35.88	15	-0.65	-1.69	2.34	0.21	-0.25	1.54	24
-148.5	65.28	15	-1.33	-5.86	7.18	2.22	-1.04	-8.23	24
-109.16	25.51	15	-0.79	-4.03	4.81	2.05	1.61	-0.52	24
-127.84	43.39	15	-1.44	-8.24	9.68	-0.49	-3.72	-8.51	23
-126.03	41.81	15	0.13	-3.79	3.66	0.94	0.47	1.3	24
-170.97	64.56	20	0.63	5.36	-5.99	3.27	1.91	-2.46	23
-110.61	26.6	15	-3.09	-3.53	6.62	-2.63	0.42	3.18	23
-126.36	40.42	15	-0.28	-0.08	0.36	0.0	-0.32	-2.0	24
-111.12	26.58	15	-0.11	-1.61	1.72	-0.47	0.05	-0.09	24
-128.03	48.94	15	-0.27	-2.04	2.31	0.08	0.4	0.09	25
-130.15	49.57	15	-0.21	-4.09	4.3	1.58	0.5	2.63	24
-152.87	60.03	134	0.17	-1.53	1.36	-0.29	0.63	0.77	24
-171.06	64.92	15	-0.62	7.34	-6.72	1.07	1.87	-3.03	23
-127.68	43.35	15	-0.35	-1.05	1.4	0.32	0.22	-1.1	24
-117.64	35.87	15	-0.84	-3.61	4.44	0.56	-1.7	3.07	23
-129.46	43.63	15	1.25	-5.39	4.13	0.0	0.0	-4.07	23
-124.75	40.33	18	0.88	-1.67	0.8	0.16	-1.57	-3.55	24
-131.17	51.46	15	-1.67	-2.08	3.75	1.84	-1.65	6.14	23
-174.16	67.08	15	-2.53	5.66	-3.12	-2.02	0.42	-0.33	23
-126.48	40.43	15	-0.29	0.03	0.26	-0.0	0.39	-1.11	24
-129.65	44.11	15	-0.14	-1.12	1.26	0.25	0.08	-0.66	24
-130.75	50.7	15	-3.11	-1.62	4.73	-2.42	-1.77	6.29	23
-126.2	41.56	15	0.14	-1.06	0.91	0.38	0.84	0.41	24
-125.33	40.96	15	0.15	-2.74	2.59	0.31	0.67	0.29	24
-130.1	44.17	15	-0.16	-1.12	1.28	0.35	0.0	-0.84	24
-125.21	41.1	15	0.15	-1.14	0.99	0.21	0.68	0.34	24
-119.19	37.55	15	0.2	-1.14	0.94	0.09	-0.66	0.35	24
-113.8	29.38	15	0.03	-1.25	1.22	-0.03	0.21	0.65	24
-117.93	36.1	15	-2.83	-4.12	6.95	4.33	1.21	1.7	23
-127.35	42.94	15	0.0	-5.51	5.51	-1.93	2.07	-5.11	23
-156.94	57.51	37	0.2	0.23	-0.43	0.27	-0.28	-1.37	24
-156.87	58.08	36	-1.14	4.34	-3.2	1.96	2.2	-7.64	23
-156.83	58.08	32	-0.11	0.65	-0.54	-0.43	-0.18	-1.26	24
-109.74	25.19	15	-0.14	-0.87	1.01	0.37	-0.03	0.28	24
-130.34	50.03	15	-1.31	-7.84	9.15	6.23	-0.98	5.03	23
-152.74	60.39	151	0.53	-1.99	1.46	-0.04	1.13	0.18	25
-121.3	36.61	15	0.38	-7.14	6.76	-0.56	0.32	0.68	23
-130.58	50.98	15	-0.18	-0.55	0.73	0.28	-0.24	1.36	25
-125.12	40.53	15	0.06	-2.25	2.19	-0.18	0.73	-0.33	24
-127.29	43.27	15	-0.61	-5.46	6.06	-1.81	-2.18	-4.3	23
-151.45	60.18	82	1.3	-7.44	6.14	-1.11	4.67	2.86	23
-163.43	53.42	51	1.94	-2.64	0.7	5.27	-1.92	-6.33	23
-164.11	53.48	52	0.36	-0.63	0.27	-0.29	-0.84	-3.48	23
-118.76	37.44	15	-0.1	-1.34	1.43	0.56	0.92	-1.69	24
-129.38	49.13	15	-0.37	-7.1	7.47	0.43	1.4	0.08	24
-149.48	61.42	69	-0.1	-0.97	1.07	0.25	0.25	0.41	24
-154.78	58.15	89	-0.72	-0.8	1.52	-0.29	1.15	1.18	24
-177.1	50.7	15	-0.21	0.84	-0.63	0.43	-1.34	0.62	24
-109.47	25.42	15	-1.05	-4.21	5.25	5.82	-0.59	-0.97	23
-116.27	34.71	15	-0.09	-4.27	4.35	0.69	0.98	3.98	26
-154.35	57.35	54	-0.32	-0.05	0.36	1.57	0.34	3.09	26
-136.8	58.27	15	-0.12	-0.84	0.96	0.8	-0.16	1.03	25
-154.04	57.24	66	0.46	1.05	-1.5	1.91	0.0	6.9	23
-161.64	56.45	218	0.52	2.94	-3.46	1.46	-2.48	-1.95	24
-127.77	43.58	15	-0.04	-1.13	1.17	0.15	-0.11	-0.9	25
-154.76	65.03	15	0.47	1.15	-1.63	-0.34	1.7	-2.41	24
-151.69	62.26	107	0.29	-0.5	0.21	0.7	0.5	1.12	24
-125.24	40.41	15	0.57	-1.76	1.18	0.01	0.32	-7.6	24
-111.54	27.84	15	-0.0	-2.46	2.46	1.34	0.73	-0.76	24
-130.78	50.96	15	-1.45	-3.71	5.16	1.61	-1.96	6.54	23
-130.61	50.98	15	-0.26	-0.88	1.14	0.49	-0.11	1.91	24
-130.26	49.85	15	-0.76	-7.06	7.82	2.47	2.38	-1.1	23
-130.28	50.11	15	-0.27	-1.15	1.42	0.46	0.06	1.21	24
-152.84	58.97	91	-0.88	-4.72	5.59	3.32	2.0	2.62	24
-130.22	44.46	15	-0.53	-1.62	2.16	0.7	-0.31	-1.34	25
-150.18	58.65	36	2.46	-4.18	1.72	1.49	3.71	5.71	23
-150.55	63.2	98	-0.06	-0.97	1.02	0.36	0.2	0.7	24
-153.7	58.0	41	2.17	-1.29	-0.88	2.61	2.72	3.41	23
-142.85	57.33	15	0.77	2.69	-3.46	-1.86	-0.36	7.88	23
-150.07	64.07	44	0.1	-3.05	2.94	-1.78	-0.47	-4.65	24
-157.97	56.56	108	0.58	0.76	-1.34	-0.8	-0.41	1.9	24
-129.3	48.88	24	-0.06	-1.15	1.22	0.07	0.0	-0.4	25
-125.25	40.81	15	-0.09	-2.37	2.46	0.49	0.33	-0.35	24
-110.59	26.57	15	-0.42	-8.38	8.8	8.05	-0.66	-0.36	23
-130.65	50.57	15	0.03	-0.58	0.55	0.44	-0.66	1.09	24
-129.07	49.41	15	-0.44	-1.71	2.16	-0.02	-0.25	-1.86	24
-128.9	49.24	15	-0.08	-1.26	1.34	0.07	0.09	-0.62	24
-152.22	60.19	108	0.48	-1.63	1.15	-0.17	1.55	-0.21	24
-131.15	64.43	15	1.56	-9.26	7.7	0.96	-7.77	-3.92	23
-133.66	54.02	15	-0.09	-1.45	1.54	1.17	0.38	1.0	25
-130.52	49.97	15	-1.64	-8.02	9.66	-2.28	3.16	2.42	23
-142.74	54.59	15	-1.44	1.63	-0.19	-2.97	2.28	5.9	23
-151.74	64.74	15	-1.72	-1.12	2.84	2.28	2.31	-3.96	23
-178.07	51.52	27	2.41	-3.31	0.9	0.33	-2.17	-3.3	23
-150.99	57.06	30	1.39	-6.26	4.87	2.32	1.83	4.16	24
-154.97	58.82	147	3.8	-9.89	6.09	0.53	4.82	3.68	25
-120.8	39.77	15	-0.59	-5.93	6.52	0.76	-0.33	3.53	23
-128.59	48.82	15	-1.61	-7.58	9.19	0.95	0.07	4.69	24
-128.26	48.62	15	0.15	-1.79	1.64	0.71	0.84	0.91	24
-128.54	48.49	15	0.07	-3.15	3.08	0.05	0.12	0.41	24
-159.49	54.27	15	-0.65	-0.84	1.49	-0.75	-0.54	3.94	23
-164.36	53.9	64	0.83	-2.28	1.45	1.82	1.93	-3.58	23
-127.15	40.3	15	-2.12	2.22	-0.1	-2.58	-1.84	-8.23	23
-114.99	32.18	15	-2.83	-3.08	5.91	-1.34	-0.44	-0.25	24
-115.39	32.51	15	-0.19	-0.6	0.78	0.82	-0.13	-1.73	24
-127.22	43.27	15	-1.57	-8.05	9.62	-3.53	-0.76	-7.2	23
-124.34	41.13	15	0.45	-8.33	7.88	2.1	1.47	5.58	23
-146.76	63.2	15	-0.22	-4.14	4.36	-0.56	2.01	-1.47	23
-127.55	43.3	15	0.05	-4.41	4.36	0.11	-1.57	-3.55	24
-134.16	54.26	15	0.07	-4.0	3.93	0.0	0.0	3.79	23
-152.87	59.92	138	3.15	-7.88	4.72	-0.3	3.79	1.52	23
-148.13	63.58	16	-0.04	0.31	-0.28	-0.02	0.02	-1.05	26
-130.89	51.63	15	-0.45	-0.39	0.84	1.37	-0.97	1.87	24
-144.89	63.23	15	0.51	-6.04	5.53	0.18	2.62	-3.94	27
-143.49	62.99	15	-0.95	-4.09	5.04	-2.03	-2.46	3.34	23
-130.33	50.3	15	-0.28	-0.31	0.58	-0.05	-0.02	1.33	24
-129.36	44.07	15	-0.45	-1.64	2.08	0.97	0.7	-1.34	25
-129.31	43.93	15	-1.01	-2.29	3.3	0.6	1.34	-2.6	24
-117.24	34.2	15	-0.07	-0.65	0.72	0.11	-0.25	0.23	24
-127.56	43.14	15	-0.78	-4.92	5.7	-1.01	-3.27	-4.74	23
-110.91	26.63	15	-0.07	-3.72	3.79	0.89	0.09	-0.57	25
-109.6	25.51	15	0.02	-2.07	2.05	0.1	0.66	0.31	24
-179.74	52.26	149	0.09	-0.95	0.87	-0.39	-0.62	-0.01	24
-125.55	40.84	15	-0.03	-0.75	0.78	0.45	-0.09	0.17	24
-129.42	48.77	15	-0.06	-1.05	1.11	0.01	-0.25	-0.38	24
-127.94	43.24	15	-0.07	-0.74	0.81	0.04	-0.2	-0.63	24
-127.88	49.05	12	-0.1	-0.9	1.0	-0.74	-0.72	0.44	24
-156.63	56.77	90	0.34	-0.22	-0.12	0.62	0.73	1.32	24
-152.19	59.39	82	0.26	-1.6	1.34	0.68	0.69	1.2	24
-130.47	51.02	12	0.16	-0.79	0.62	-0.16	-0.4	0.68	23
-130.53	50.94	12	0.01	-0.71	0.7	-0.43	-0.26	0.64	23
-130.52	50.93	12	0.19	-1.17	0.98	-0.38	-1.38	1.23	23
-140.56	61.45	12	-0.03	-0.83	0.86	0.21	-0.2	0.31	24
-152.31	61.17	132	-0.07	-0.78	0.86	-0.4	0.35	0.14	24
-117.92	32.45	12	-0.74	-3.27	4.01	2.06	0.81	1.55	23
-134.46	55.02	12	-0.03	-1.14	1.17	1.01	0.64	0.91	26
-127.17	49.48	19	-0.27	-1.5	1.77	1.46	-2.94	3.11	24
-127.19	49.6	25	-0.65	-1.43	2.08	1.26	-1.86	2.74	25
-116.59	29.61	12	-1.36	-5.4	6.76	0.82	2.12	1.25	23
-118.69	38.02	12	-0.18	-1.22	1.41	0.41	0.02	0.7	24
-118.7	38.02	12	-0.26	-1.25	1.51	0.17	-0.01	0.3	24
-112.99	28.82	12	-0.05	-0.63	0.68	0.11	-0.09	-0.41	25
-120.54	35.92	12	-0.11	-0.99	1.11	0.26	0.22	0.22	25
-120.54	36.0	12	-0.35	-4.75	5.1	0.0	-0.01	1.11	23
-118.73	35.41	12	-0.92	-2.26	3.18	0.88	0.96	-2.94	23
-120.57	36.02	12	-0.13	-3.02	3.16	0.91	0.24	0.54	23
-129.08	49.14	18	-0.34	-4.94	5.28	0.75	0.64	-1.57	23
-129.13	49.17	19	-0.06	-0.82	0.87	0.11	0.04	-0.09	26
-129.38	49.01	20	-0.58	-3.76	4.34	-0.54	1.15	-1.08	23
-128.96	49.29	17	-0.08	-0.72	0.8	-0.07	0.23	-0.12	24
-151.38	63.18	24	0.24	3.21	-3.45	1.23	-1.31	-0.4	23
-131.16	51.2	12	-0.4	-3.54	3.94	0.1	-0.48	1.73	23
-110.09	25.82	19	0.06	-2.17	2.11	0.49	0.66	-0.56	24
-129.24	48.08	12	0.04	-0.26	0.22	1.29	-1.3	3.51	23
-129.18	48.07	12	-0.28	1.3	-1.02	-0.26	-0.35	3.1	23
-129.13	48.13	12	-0.26	-1.17	1.43	0.59	-0.76	4.05	23
-129.25	48.07	12	-0.52	0.42	0.1	1.07	-1.0	4.45	23
-126.78	42.51	16	-0.09	-0.85	0.94	0.27	0.1	0.17	24
-126.79	42.49	16	0.03	-0.88	0.84	0.05	0.17	0.11	24
-124.86	40.4	22	-0.13	-0.37	0.5	-0.18	-1.03	-2.42	23
-152.67	60.07	114	0.1	-1.53	1.43	0.03	0.34	0.48	24
-131.41	51.4	12	-0.13	-1.6	1.73	0.96	-0.96	5.14	24
-116.59	33.63	14	-0.03	-0.6	0.63	0.28	0.41	-0.24	24
-126.42	41.15	20	0.01	-0.83	0.81	0.03	0.11	0.05	27
-126.76	40.64	16	-0.01	-0.77	0.78	0.09	0.14	-0.82	26
-126.71	40.45	16	0.01	-0.12	0.11	-0.29	0.48	-2.64	23
-115.52	33.23	12	-0.65	-4.73	5.38	1.98	-0.55	3.69	23
-134.38	64.64	22	-1.25	-3.22	4.47	-0.92	-0.26	3.48	23
-128.88	48.52	16	-0.8	-1.96	2.76	-0.32	-2.95	8.79	23
-176.61	52.07	103	-0.56	-0.52	1.08	-1.17	-0.1	-0.81	23
-112.28	28.32	12	-0.38	-0.52	0.91	0.14	-0.09	0.54	24
-112.51	28.38	15	-0.03	-0.92	0.95	-0.0	-0.04	-0.2	26
-127.41	43.33	18	-0.23	-1.39	1.61	-0.15	-0.2	-1.38	24
-142.16	66.46	14	-0.17	-1.32	1.5	0.03	0.52	0.4	24
-151.83	59.33	71	-0.67	-3.59	4.25	1.84	0.85	1.18	23
-142.23	66.44	17	-1.76	-4.45	6.22	-1.17	2.36	2.17	23
-126.66	40.76	13	-0.49	-2.22	2.71	-1.12	-0.09	-3.06	23
-126.3	41.82	16	-0.71	-4.85	5.56	0.86	-0.23	0.33	23
-126.3	41.73	16	-0.45	-3.5	3.95	0.57	0.4	-0.31	23
-128.37	43.62	17	-1.09	-1.84	2.93	-0.83	-0.1	-1.92	23
-111.34	26.96	19	0.03	-0.83	0.8	-0.2	-0.08	-0.16	24
-111.32	27.0	17	0.87	-6.6	5.74	-1.95	-0.82	-1.32	23
-130.52	50.59	15	-0.76	-2.51	3.27	0.21	-0.26	1.75	23
-130.74	51.45	12	1.03	-1.83	0.81	1.39	-0.89	2.65	24
-111.36	26.87	23	-0.03	-0.85	0.88	-0.04	0.04	-0.2	25
-130.14	49.78	15	-0.29	-3.33	3.62	0.23	-0.18	0.8	23
-126.29	40.46	12	-0.73	-0.11	0.85	-0.03	-0.12	-2.67	23
-114.33	27.14	14	-1.42	-3.0	4.41	-0.06	0.36	0.47	23
-111.38	27.62	14	0.28	-4.24	3.96	-0.97	1.32	-1.41	23
-114.17	30.88	12	-0.29	-1.7	1.99	-0.63	-0.59	0.62	23
-127.73	43.33	21	-0.04	-2.46	2.5	-0.65	0.58	-2.25	23
-127.63	43.39	12	-0.05	-0.57	0.62	-0.19	-0.12	-0.63	24
-110.65	26.18	19	-0.13	-0.77	0.9	-0.01	0.05	-0.09	25
-124.9	40.63	16	-0.14	-1.37	1.51	0.14	0.07	0.93	24
-110.69	26.25	16	-0.05	-0.94	0.99	0.06	0.0	0.22	25
-109.8	25.6	15	-0.58	-6.29	6.87	0.66	0.98	-1.91	23
-109.81	25.57	17	-0.15	-0.9	1.05	0.02	0.47	-0.25	24
-175.94	52.41	178	0.54	0.82	-1.36	0.62	-0.57	-0.54	24
-144.88	69.69	14	-0.14	-1.5	1.64	0.79	-0.57	-2.16	23
-127.21	43.2	15	-0.72	-0.87	1.59	-0.12	0.47	-1.64	23
-130.45	50.4	19	-0.45	-2.84	3.29	0.5	-0.3	1.44	23
-125.01	40.34	19	-0.17	-0.24	0.41	-0.22	-0.3	-1.25	24
-124.87	41.08	23	-0.82	-4.05	4.87	0.18	-0.56	-1.15	23
-129.85	44.16	12	-0.07	-0.57	0.64	-0.18	0.24	-0.56	24
-129.89	44.1	18	-0.02	-0.74	0.76	-0.3	0.49	-0.61	24
-129.81	44.25	12	-0.47	-0.32	0.79	-0.06	-0.02	-0.88	24
-130.07	44.22	13	0.17	-2.7	2.53	-1.68	2.37	-2.08	23
-130.06	44.24	20	-0.27	-0.74	1.02	-0.22	0.35	-0.8	24
-154.9	56.93	25	-0.21	-0.54	0.75	-1.05	-0.53	-3.99	23
-151.54	58.32	37	0.02	-0.67	0.65	0.26	0.22	0.19	24
-128.03	43.43	18	-0.29	-2.93	3.22	-2.29	0.22	-1.02	23
-152.95	55.84	26	0.28	-1.37	1.09	0.81	-0.33	1.99	23
-121.78	37.37	14	-0.03	-2.53	2.56	0.21	0.42	0.84	24
-127.74	43.35	19	-0.43	-4.06	4.49	-0.65	0.46	-3.36	24
-127.93	43.42	19	-0.24	-2.29	2.53	-1.57	0.23	-3.12	23
-126.28	40.5	21	-0.28	0.44	-0.15	-0.14	-0.03	-2.99	23
-131.63	51.99	26	1.09	-1.33	0.23	2.47	-0.84	5.45	24
-131.04	50.94	12	-0.1	-3.67	3.78	1.01	0.2	1.34	24
-131.24	51.11	12	-0.07	-0.83	0.9	0.19	-0.0	0.38	26
-130.92	50.85	12	-0.2	-4.9	5.09	0.93	0.09	1.72	25
-131.42	51.33	14	0.1	-0.54	0.44	0.27	-0.03	1.53	24
-131.49	51.52	12	-0.04	-0.26	0.3	0.26	-0.06	1.23	25
-128.27	43.51	17	-0.38	-2.69	3.06	-0.16	0.37	-2.56	25
-136.24	68.06	23	-0.13	-2.82	2.95	0.51	0.14	3.13	23
-115.37	32.56	12	-2.26	-5.17	7.42	0.23	-1.72	0.16	23
-115.28	32.46	12	-0.76	-4.56	5.33	0.49	-2.85	2.97	23
-115.34	32.48	12	-1.17	-3.46	4.63	0.02	-1.55	-0.31	23
-115.37	32.41	12	-1.6	-4.15	5.74	-1.2	-2.26	-0.71	23
-115.33	32.45	17	-0.77	-1.14	1.91	-1.17	-0.84	-0.73	23
-115.24	32.45	12	-0.64	-1.89	2.53	0.08	-1.24	1.32	23
-179.22	51.82	15	-0.3	2.49	-2.2	-0.46	-0.56	-3.02	23
-179.23	51.76	17	-0.13	0.71	-0.59	0.09	-0.0	-0.54	24
-179.27	51.76	12	-0.17	4.69	-4.52	1.25	-1.53	-4.02	24
-152.98	61.18	148	1.97	-6.34	4.36	-0.27	1.94	2.15	23
-152.25	58.98	94	0.02	-1.08	1.05	0.03	-0.13	0.44	24
-129.52	44.08	12	-3.33	2.49	0.83	0.17	1.54	-8.6	23
-151.93	54.05	32	0.97	-1.41	0.45	0.31	-0.83	3.25	23
-127.92	43.42	12	0.02	-1.32	1.31	-0.47	0.11	-1.44	24
-179.29	51.78	12	-0.23	1.71	-1.49	0.93	-1.57	-5.39	25
-179.17	51.81	12	-0.11	0.65	-0.54	0.22	-0.22	-0.72	26
-119.91	39.56	15	-0.68	-3.33	4.02	0.2	0.25	1.85	23
-128.94	48.66	21	-0.13	-0.68	0.81	-0.04	0.05	-0.13	24
-177.58	50.54	23	-2.22	5.96	-3.74	0.9	-2.0	-0.71	23
-177.54	51.96	12	-0.03	0.34	-0.31	0.13	-0.25	-0.87	26
-126.65	42.99	12	-1.1	-2.62	3.72	-2.44	1.04	-3.09	23
-109.79	25.22	12	-0.14	-2.56	2.7	-0.13	0.31	-0.17	23
-177.57	52.08	22	-0.1	1.52	-1.42	0.25	-0.85	-1.99	23
-129.44	44.01	12	-1.01	-2.73	3.74	-2.27	1.31	-3.08	23
-130.39	50.37	16	0.0	-3.55	3.55	0.17	0.52	1.51	23
-129.41	43.96	12	-0.15	-0.54	0.7	-0.08	0.19	-0.51	24
-129.35	44.0	14	-0.2	-0.47	0.67	-0.21	0.31	-0.55	24
-129.41	44.03	12	-0.25	-0.88	1.13	0.08	0.31	-0.9	24
-126.87	43.05	18	-1.1	-1.94	3.03	-0.55	-0.2	-2.15	23
-129.47	44.12	12	-1.01	-0.59	1.6	0.18	0.41	-1.16	24
-129.56	44.09	14	-1.29	-2.36	3.66	-0.46	0.89	-2.85	24
-117.84	33.93	20	0.92	-1.87	0.95	-0.49	0.84	-0.51	24
-111.12	26.68	24	0.07	-2.03	1.96	-0.1	0.05	-0.54	24
-175.53	52.19	12	-0.47	1.69	-1.23	0.22	-2.65	-2.46	23
-175.54	52.27	12	0.27	2.23	-2.5	0.78	-2.68	-1.72	23
-175.63	52.22	12	-4.07	6.42	-2.34	1.71	-1.79	-4.89	24
-129.12	48.7	23	-0.84	-5.36	6.2	-0.46	0.14	-0.89	23
-130.31	49.8	16	-0.78	-2.96	3.74	1.91	-1.01	2.23	23
-130.43	49.85	15	-0.03	-0.97	1.01	0.49	-0.19	1.02	24
-130.24	49.78	12	-0.51	-4.85	5.36	1.17	0.36	1.55	23
-130.19	49.8	14	-0.05	-4.07	4.12	-0.58	0.64	0.19	23
-130.13	49.76	12	0.31	-1.83	1.52	-0.52	-0.01	0.59	23
-130.16	49.78	17	-0.64	-3.05	3.69	-0.68	1.21	-1.24	23
-130.14	49.77	12	0.04	-0.87	0.84	0.06	0.1	-0.06	25
-130.45	49.51	15	0.28	-5.54	5.26	1.5	-1.24	4.85	23
-130.35	49.58	13	0.54	-3.0	2.45	-0.53	-0.49	2.57	23
-129.03	47.45	12	0.23	-4.75	4.53	-1.55	0.59	-0.46	23
-129.04	47.46	12	0.05	-0.72	0.68	-0.29	0.1	-0.19	24
-128.81	63.61	13	0.24	-0.77	0.54	0.37	0.13	0.45	24
-124.63	40.29	22	-0.72	-1.5	2.22	-0.79	0.6	-4.24	23
-157.57	66.46	16	-1.14	1.47	-0.34	-0.38	0.52	-2.22	23
-111.15	26.65	17	-0.03	-2.94	2.97	-1.48	-0.3	-0.55	23
-127.68	43.4	14	-0.03	-0.85	0.88	-0.22	-0.15	-0.92	24
-110.17	25.82	12	-0.12	-1.77	1.89	-1.08	0.76	-0.57	23
-127.04	40.35	23	-0.14	0.06	0.08	-0.09	0.1	-1.02	25
-116.39	34.83	12	-0.32	-3.31	3.63	-0.5	-1.0	5.02	23
-129.06	48.78	12	-0.77	-6.28	7.05	-0.34	0.31	-0.57	24
-152.0	58.42	67	-0.03	-0.85	0.88	-0.24	-0.12	0.49	24
-153.13	59.43	114	1.49	-4.88	3.39	1.46	2.18	2.44	24
-115.66	33.31	12	-0.52	-2.12	2.64	-0.2	-2.32	1.46	23
-129.42	43.94	20	-0.16	-2.73	2.89	-1.51	1.0	-2.62	23
-151.02	62.04	86	-0.78	-1.39	2.17	-0.95	-0.05	-0.97	24
-109.89	25.25	17	0.03	-1.25	1.23	-0.07	-0.07	0.01	24
-109.87	25.2	14	0.07	-0.98	0.91	-0.04	0.02	0.05	25
-109.96	25.31	12	-1.1	-5.38	6.48	-1.48	-2.08	2.88	23
-130.05	44.28	12	-0.17	-0.76	0.93	-0.06	0.18	-0.71	24
-113.53	29.22	12	-0.03	-2.5	2.54	-0.04	-0.16	-0.33	26
-113.75	29.43	19	-0.4	-2.66	3.06	-0.26	-0.45	-0.34	25
-113.93	29.68	13	0.9	-4.66	3.76	-0.22	0.15	3.64	24
-124.57	40.34	18	-0.61	-2.0	2.61	0.21	-0.32	-3.06	23
-113.62	29.52	12	0.29	-3.27	2.98	-1.21	0.96	0.27	23
-115.31	32.37	12	0.14	-6.28	6.15	-2.4	-1.32	-2.56	23
-170.75	66.96	18	-2.74	6.3	-3.56	-0.74	1.61	-1.39	23
-117.83	36.37	15	-0.34	-5.39	5.73	-0.11	-1.37	2.95	23
-117.78	36.39	18	-0.11	-0.78	0.88	0.08	-0.11	0.18	24
-127.07	43.24	13	-0.28	-0.62	0.9	-0.15	-0.09	-0.81	24
-131.67	51.93	16	0.98	-2.99	2.01	2.14	-2.55	8.32	25
-131.85	51.79	20	0.54	-3.17	2.63	0.53	-1.88	5.52	24
-110.7	26.49	22	-2.15	-4.43	6.59	-0.94	0.75	-1.74	23
-113.28	29.08	15	-0.37	-1.41	1.78	-0.55	0.7	-0.32	23
-115.17	32.46	15	-0.09	-0.67	0.76	0.1	0.05	0.35	25
-124.81	40.53	19	-0.03	-0.69	0.73	0.04	-0.06	0.21	26
-125.08	40.37	19	-0.04	-0.82	0.86	0.16	-0.01	-0.31	25
-115.39	32.31	13	-0.23	-0.64	0.87	0.04	-0.06	-0.05	27
-115.79	32.76	21	-2.28	-3.52	5.8	2.26	-1.45	0.9	23
-115.68	32.81	20	0.6	-3.61	3.01	-1.01	-1.26	-0.66	23
-114.93	31.98	15	0.39	-1.68	1.29	-0.11	-0.55	1.9	23
-115.26	32.25	12	-0.14	-1.25	1.39	-0.16	-0.29	-0.49	24
-115.08	32.04	12	-0.09	-2.0	2.1	-1.02	-0.42	-0.62	23
-177.71	60.45	15	0.13	6.19	-6.32	0.34	-1.46	-1.87	25
-177.47	60.29	16	-0.41	3.48	-3.07	-1.08	-2.32	-0.87	25
-129.69	44.11	15	-0.26	-1.71	1.97	-0.01	0.04	-1.02	24
-129.77	44.13	13	0.56	-4.75	4.19	-2.34	2.24	-2.98	23
-129.7	44.12	13	0.03	-3.73	3.7	-1.95	0.51	-1.49	23
-115.76	32.6	19	0.51	-3.39	2.88	0.22	-1.5	-0.96	23
-115.81	32.59	15	0.47	-2.36	1.89	0.19	-1.05	-0.45	23
-177.56	60.36	23	-0.17	2.25	-2.08	-0.7	-0.58	0.13	23
-126.77	42.2	15	-0.1	-0.83	0.93	0.22	-0.06	0.57	24
-115.83	32.58	19	-1.64	-2.14	3.78	-1.01	-0.76	-3.42	23
-109.98	25.65	19	0.16	-2.06	1.9	0.05	-0.0	-0.3	23
-115.98	32.66	13	-1.77	-5.23	7.0	-0.59	-0.02	-1.3	24
-130.25	50.42	22	0.01	-2.38	2.37	-0.23	0.38	0.45	23
-116.51	33.41	24	-0.39	-2.33	2.72	0.22	0.21	0.3	24
-169.64	52.66	12	-0.66	0.13	0.53	0.33	0.16	-1.08	26
-130.24	49.27	15	0.02	-1.37	1.35	0.48	0.17	0.54	24
-169.7	52.71	12	-2.23	0.77	1.47	2.53	0.43	-4.45	23
-177.48	60.38	12	-0.69	6.66	-5.97	-2.0	-2.85	-1.08	23
-126.03	43.72	12	-2.33	-3.63	5.97	-2.14	-0.46	-5.02	23
-170.4	52.74	12	-1.89	4.59	-2.7	-0.6	-1.88	-3.62	23
-115.2	32.14	15	-1.58	-3.26	4.84	0.51	-0.68	-0.47	23
-114.27	30.0	12	-0.59	-0.46	1.05	-0.12	0.09	-0.62	24
-153.57	59.76	119	0.64	-3.54	2.9	0.39	0.7	1.96	23
-115.11	32.11	15	0.01	-2.19	2.18	-0.95	-0.16	-0.73	23
-149.73	62.98	99	0.43	0.51	-0.94	0.6	0.77	1.36	24
-130.1	44.17	28	0.28	-1.31	1.03	-1.18	0.23	-1.39	23
-146.31	69.39	21	0.16	-1.74	1.58	0.99	1.69	-5.93	23
-169.72	52.71	12	-0.4	-0.01	0.4	0.27	0.07	-0.9	24
-149.5	60.74	36	-0.19	-2.51	2.69	1.37	-0.08	1.61	23
-127.69	43.4	21	-0.28	-3.13	3.41	-0.67	0.32	-2.6	23
-109.9	25.61	13	-0.76	-2.73	3.49	-0.19	0.74	2.86	23
-115.22	32.31	15	-0.74	-1.38	2.12	-0.52	0.59	-1.06	23
-156.23	56.81	57	1.06	2.45	-3.51	1.69	2.15	1.99	23
-110.56	26.0	31	-0.64	-3.09	3.73	-1.15	-0.0	-0.41	23
-111.44	27.12	17	-0.43	-3.55	3.97	-0.71	0.1	-0.41	23
-150.89	63.57	18	-1.1	0.51	0.58	-0.46	0.89	-9.04	23
-128.05	43.46	16	0.18	-1.54	1.37	-0.61	0.68	-1.34	23
-127.48	43.31	18	-0.06	-0.96	1.02	-0.13	-0.14	-1.06	24
-115.06	32.08	12	-0.46	-5.73	6.19	-1.35	-2.27	-1.65	23
-109.97	25.27	21	-0.11	-2.69	2.8	-0.28	0.44	-0.9	24
-109.87	25.54	21	-0.44	-3.42	3.86	-0.66	1.31	-0.91	23
-109.79	25.63	26	-0.95	-2.95	3.9	-0.28	0.65	-1.07	23
-112.05	44.69	12	-0.17	0.78	-0.61	0.03	-0.37	0.31	23
-111.46	27.68	20	0.3	-3.53	3.22	-1.37	0.23	-1.4	23
-152.76	59.08	82	1.54	-4.48	2.94	-0.28	1.4	2.18	23
-111.54	27.67	18	-0.07	-1.57	1.64	-0.31	-0.06	-0.53	24
-113.12	28.81	17	-0.4	-0.8	1.2	-0.43	-0.14	-0.34	24
-127.45	43.3	20	-0.11	-1.95	2.06	-0.85	0.26	-1.72	23
-111.53	27.66	19	-0.32	-5.31	5.63	-1.12	0.1	-1.2	23
-151.23	60.79	74	0.66	-5.01	4.35	-0.12	2.08	-0.65	23
-131.75	51.69	19	0.28	-3.07	2.79	-0.31	-1.1	2.92	23
-109.63	25.06	17	-0.07	-1.36	1.43	-0.35	0.01	-0.12	25
-130.98	51.46	15	-0.1	-1.43	1.53	2.48	0.37	2.95	23
-131.04	51.4	12	0.5	-2.32	1.81	1.66	-0.42	4.04	23
-121.21	36.51	19	-0.17	-1.97	2.14	-0.34	-0.27	-0.41	23
-127.73	43.34	24	0.19	-1.96	1.77	-0.72	-0.12	-0.9	23
-127.17	49.27	25	-0.62	-1.61	2.22	0.2	-2.78	5.14	25
-112.31	28.15	12	-0.1	-1.93	2.02	-1.53	0.81	-0.7	23
-170.05	53.23	151	-0.24	0.84	-0.59	-0.15	-0.73	-1.41	24
-127.44	43.29	14	-0.24	-1.59	1.83	-0.81	-0.37	-1.83	24
-120.32	39.65	33	0.36	-2.89	2.54	0.12	-0.06	0.67	23
-136.07	56.82	22	-0.27	-0.92	1.19	-0.21	0.25	1.57	23
-130.26	50.47	21	-0.45	-3.32	3.77	0.23	0.39	1.09	23
-172.19	52.02	25	-0.89	-1.52	2.41	1.28	-0.81	0.64	23
-114.05	30.65	12	-0.3	-2.83	3.13	-0.73	0.19	0.38	23
-149.01	57.61	23	1.49	-3.54	2.05	0.23	-0.87	-0.32	23
-130.77	51.06	19	-0.21	-1.46	1.66	-0.17	-0.82	3.58	23
-128.17	48.66	12	-0.35	-1.95	2.31	0.14	0.14	-2.94	24
-127.68	43.4	18	-0.07	-0.59	0.66	-0.1	-0.07	-0.58	25
-128.13	48.8	14	-0.24	-2.7	2.94	-0.32	0.52	-1.32	23
-127.92	43.4	20	-0.07	-0.64	0.71	-0.56	0.11	-0.79	25
-113.09	28.9	16	-0.28	-1.3	1.58	-0.47	-0.66	-0.04	25
-112.76	28.57	16	-0.21	-4.22	4.43	-0.93	-0.84	-0.64	26
-130.35	50.37	15	0.27	-1.37	1.1	-0.89	-0.04	1.75	23
-130.23	50.31	12	0.27	-1.73	1.46	-1.03	-0.09	0.87	23
-130.27	50.33	12	0.19	-2.28	2.09	-1.09	-0.17	1.3	23
-130.48	50.44	12	-0.06	-2.0	2.05	-0.93	-0.77	1.2	23
-130.39	50.3	18	0.12	-2.08	1.96	-0.72	-0.0	2.43	23
-150.18	61.19	92	-0.38	-1.81	2.19	-0.79	1.14	1.16	23
-127.5	43.36	18	0.07	-0.73	0.65	-0.09	-0.13	-0.75	24
-129.6	49.1	19	-0.47	-4.33	4.79	-0.73	-0.47	1.14	23
-115.37	32.23	18	-0.31	-1.39	1.69	-0.73	0.29	-1.19	23
-115.24	32.18	12	-0.01	-1.65	1.67	-0.29	-1.46	-0.71	23
-127.77	43.45	24	0.5	-2.29	1.79	-0.25	-0.13	-0.87	23
-125.45	40.39	17	-1.04	-1.5	2.54	0.68	0.31	-6.89	23
-125.38	40.41	19	-0.35	-0.03	0.38	0.05	0.03	-1.49	24
-109.61	25.1	21	-0.43	-3.75	4.19	-0.8	0.74	-0.55	23
-161.11	54.75	51	1.94	-4.48	2.54	1.69	-3.68	3.22	23
-129.83	44.2	12	-0.09	-0.73	0.82	-0.05	-0.0	-0.67	24
-129.85	44.29	18	0.09	-1.7	1.61	-0.59	0.09	-1.0	23
-129.08	47.42	15	-0.13	-3.45	3.58	-1.18	-0.54	-0.14	24
-129.04	47.57	15	0.38	-3.99	3.62	-1.76	-0.25	-1.07	23
-115.59	32.92	12	-0.42	-1.16	1.58	-0.17	-0.54	0.55	24
-115.56	32.95	12	-0.41	-1.62	2.03	-0.38	-0.38	0.96	24
-114.01	30.66	12	-0.17	-1.17	1.34	-0.27	-0.04	0.23	24
-129.34	43.93	19	-1.11	-0.97	2.09	-1.05	0.74	-2.03	23
-126.69	43.02	12	-0.16	-1.34	1.5	-1.06	0.19	-1.24	23
-109.73	25.17	20	-0.04	-1.14	1.18	-0.22	-0.08	-0.22	25
-113.35	25.39	13	0.21	-2.3	2.08	0.37	0.7	0.38	23
-120.89	36.27	12	0.13	-1.18	1.05	-0.31	0.3	0.89	24
-131.69	52.17	12	-0.26	-1.85	2.11	0.61	0.31	-0.97	23
-128.85	48.9	12	-0.15	-1.92	2.07	-0.53	-0.39	-0.39	25
-142.97	57.7	16	-0.46	-0.27	0.73	-1.56	-1.21	3.59	25
-131.28	51.52	17	-0.7	-1.3	2.0	0.21	-0.67	1.26	23
-151.05	61.38	76	1.41	-4.28	2.87	0.17	3.46	2.62	24
-134.97	55.69	14	0.01	-1.7	1.69	1.09	0.6	1.29	27
-129.2	48.72	27	-0.29	-2.07	2.36	-0.47	0.22	-0.02	23
-135.09	55.51	13	0.32	-1.94	1.62	0.35	0.32	1.54	23
-110.28	25.88	18	0.0	-4.29	4.29	-0.79	-0.36	-0.77	24
-110.28	25.94	23	0.2	-2.74	2.54	-0.41	0.57	-0.26	23
-110.19	25.86	23	0.07	-1.69	1.62	-0.24	0.07	-0.33	24
-134.73	55.09	20	0.19	-1.95	1.76	0.44	0.42	1.8	24
-178.52	51.69	12	-2.12	1.99	0.12	0.43	0.43	-3.37	23
-127.83	43.47	12	0.05	-0.96	0.91	-0.11	-0.13	-1.08	24
-135.14	55.41	12	-0.81	3.77	-2.97	-2.43	-4.34	7.06	24
-118.04	38.06	16	-0.51	-1.14	1.65	1.22	-4.53	8.51	23
-126.8	43.03	12	-0.07	-0.56	0.63	-0.25	-0.12	-0.5	24
-154.13	59.27	26	-0.12	-0.64	0.77	0.22	0.11	-0.05	24
-126.44	40.47	26	0.72	-2.49	1.76	0.82	-0.19	-1.9	23
-171.92	52.58	12	-0.85	1.85	-1.0	0.31	-0.31	0.36	24
-121.05	40.23	20	-1.65	-1.43	3.08	1.69	0.19	-3.57	24
-126.81	43.13	16	-0.25	-1.45	1.7	-0.52	-0.24	-1.01	23
-130.27	50.28	20	0.25	-0.32	0.07	-0.0	-0.22	1.07	24
-130.39	50.06	21	-0.25	-0.71	0.95	0.27	-0.87	1.62	23
-127.52	49.52	26	-0.44	-1.55	1.99	0.27	-0.69	0.38	24
-128.43	43.63	20	0.07	-1.44	1.37	0.22	0.22	-1.01	23
-150.57	63.49	135	-0.53	2.15	-1.62	1.0	2.31	1.8	23
-144.52	69.26	17	0.31	-1.57	1.26	0.06	0.34	-1.08	23
-130.61	51.11	12	-0.1	-0.53	0.63	0.0	-0.48	1.45	25
-130.4	51.16	12	1.14	-2.85	1.71	-2.02	-0.57	3.49	23
-130.52	51.12	12	0.14	-0.25	0.11	-0.01	-0.44	0.94	24
-130.46	51.1	12	0.06	-0.68	0.62	0.01	-0.79	1.52	24
-130.43	51.14	17	-0.01	0.19	-0.18	0.05	-0.55	1.13	25
-130.56	51.01	15	-0.15	-1.12	1.27	0.47	-0.88	0.95	23
-105.72	27.89	13	-0.72	-0.65	1.37	-0.36	0.07	-0.61	24
-105.91	27.88	25	-1.27	-2.56	3.83	-2.88	1.67	-2.22	23
-109.12	42.99	82	0.44	-2.09	1.64	0.25	0.79	0.63	23
-124.91	40.83	22	0.28	-0.81	0.53	-0.18	0.25	0.2	24
-110.53	26.19	16	-0.0	-0.88	0.88	-0.01	-0.11	-0.09	26
-130.24	50.0	16	-1.68	-2.83	4.51	-0.72	-1.02	0.55	23
-127.93	49.13	23	-0.1	-2.35	2.45	-0.42	-0.15	1.98	23
-115.96	31.34	22	-2.42	-2.24	4.66	-1.03	0.83	-2.35	23
-125.27	40.44	24	-0.42	-0.15	0.57	-0.04	0.04	-1.87	23
-119.62	31.21	28	-1.24	1.53	-0.29	0.49	0.92	2.83	23
-125.23	40.8	15	-0.06	-2.84	2.9	0.21	-0.08	0.48	26
-117.89	34.05	12	3.21	-7.41	4.21	-0.22	-1.35	0.18	23
-151.26	62.43	102	0.56	-1.52	0.96	-0.36	2.92	2.78	23
-110.55	44.86	18	-1.33	0.99	0.33	-0.31	-0.48	-2.88	23
-129.57	48.94	16	-0.6	-4.41	5.01	-0.62	0.15	-1.88	23
-130.22	49.93	12	-0.17	-0.97	1.15	0.11	-0.45	0.76	23
-150.07	62.94	100	1.59	1.33	-2.92	1.89	0.35	3.59	23
-127.59	49.65	17	0.02	-0.65	0.63	0.1	-0.34	0.59	26
-127.32	43.32	21	-0.51	-2.57	3.08	-0.87	0.33	-2.55	23
-128.44	43.58	24	-0.27	-1.61	1.88	-0.2	0.19	-1.39	24
-140.3	61.28	23	-0.18	-4.01	4.19	0.5	-0.37	6.29	23
-140.31	61.32	25	-0.24	-5.07	5.31	-0.01	0.56	6.64	23
-116.13	29.93	26	-0.65	-0.34	0.98	0.61	-0.03	2.3	23
-140.07	61.36	27	-0.28	-1.19	1.47	-0.03	-0.45	1.8	23
-127.35	62.83	32	-0.06	-1.1	1.16	-0.49	0.21	1.82	23
-127.28	43.3	15	-0.12	-1.42	1.54	-0.19	0.21	-1.1	23
-140.34	60.41	19	0.1	-0.46	0.36	0.22	0.65	-1.0	25
-140.4	60.36	28	-0.11	0.56	-0.45	-0.21	1.93	-3.29	23
-110.26	25.94	21	-0.28	-5.4	5.68	-0.94	0.51	-1.45	23
-137.05	58.46	12	0.45	-1.52	1.08	0.34	0.34	0.21	25
-111.59	27.76	15	-0.22	-1.73	1.95	0.05	0.01	-0.66	24
-122.38	38.31	12	-0.05	-1.09	1.14	-0.14	-0.25	1.12	25
-148.98	65.27	19	-1.32	-3.66	4.98	2.64	4.36	-4.49	23
-130.27	50.45	20	-0.15	-3.53	3.68	-0.4	-0.47	1.45	23
-151.78	62.0	109	0.32	-3.38	3.07	-0.32	0.98	-0.03	25
-149.01	65.11	27	-0.34	-1.78	2.13	1.0	1.17	-1.47	23
-149.11	65.2	24	-1.14	-1.23	2.37	1.23	1.72	-2.46	23
-129.98	44.2	20	0.15	-1.37	1.22	0.08	0.6	-1.16	23
-150.75	62.98	115	1.47	-1.72	0.25	1.17	2.26	4.75	23
-171.2	51.61	17	0.27	1.77	-2.04	4.93	-0.45	5.96	23
-130.53	50.76	14	-0.13	-0.5	0.63	0.05	-0.21	0.56	24
-130.52	50.76	14	-0.58	-4.05	4.63	0.1	-1.92	4.33	23
-125.68	40.45	23	-0.19	-0.22	0.41	-0.03	0.19	-1.34	24
-130.55	50.73	12	-0.2	-0.68	0.88	0.03	-0.35	0.8	24
-125.7	49.08	30	1.04	-3.21	2.17	-0.95	0.39	-0.56	23
-124.31	40.31	30	0.24	-2.58	2.35	0.26	-0.91	-4.74	24
-115.66	31.62	23	-0.72	-3.52	4.24	-0.07	-0.69	-1.49	23
-130.15	49.98	12	-1.64	-2.71	4.35	-0.95	0.64	-0.97	23
-129.22	48.77	25	0.32	-4.87	4.56	-0.71	0.28	-1.0	23
-128.42	49.21	25	-0.88	-4.68	5.57	-1.84	1.64	-3.64	23
-126.29	40.5	21	-0.65	-0.05	0.7	-0.18	0.14	-2.89	23
-127.28	40.51	18	-0.93	0.51	0.43	-0.06	-0.61	-1.52	24
-130.85	51.69	12	0.58	-2.41	1.83	0.85	0.01	1.59	25
-127.71	43.52	25	-0.16	-1.05	1.21	-0.49	-0.19	-1.72	23
-114.65	37.36	18	-0.33	-0.53	0.87	-0.96	-1.24	3.2	23
-156.52	56.71	81	0.38	-0.2	-0.18	0.63	0.97	1.58	26
-130.13	44.35	15	-0.65	-4.18	4.83	0.99	-0.08	-4.38	24
-129.99	44.36	12	-0.21	-1.02	1.23	0.33	0.01	-1.14	24
-130.27	44.41	15	-0.49	-1.77	2.26	-0.7	0.27	-1.95	23
-130.23	44.38	13	-0.1	-0.66	0.76	0.1	0.05	-0.69	25
-110.09	25.81	12	-0.08	-1.9	1.98	-1.12	1.43	-0.32	23
-150.84	62.32	79	0.56	-2.24	1.68	-0.44	2.31	1.85	23
-109.81	25.62	16	0.05	-2.67	2.62	-0.43	0.89	-0.87	23
-152.23	62.13	131	2.54	-4.43	1.89	0.83	1.83	5.62	23
-153.15	60.02	130	1.81	-3.69	1.87	0.26	2.05	2.33	25
-130.39	50.32	17	-1.02	1.35	-0.33	1.08	-1.96	5.72	23
-129.09	48.66	24	-0.13	-1.71	1.84	-0.07	0.06	0.05	23
-157.09	57.08	20	-0.76	1.51	-0.76	-0.94	-0.59	-3.29	23
-109.51	25.04	18	-0.05	-0.98	1.03	-0.15	0.07	-0.09	24
-109.45	25.01	20	-0.28	-3.08	3.36	-0.7	-0.29	-0.8	24
-109.53	25.09	15	-0.03	-0.96	0.99	-0.01	-0.02	-0.16	26
-109.7	25.2	15	-0.07	-0.65	0.72	0.03	0.04	0.31	24
-129.91	49.2	21	-0.52	-1.31	1.83	-0.37	0.12	-0.31	23
-130.31	50.35	17	-0.02	-0.21	0.23	0.36	-0.99	1.6	23
-130.42	50.56	12	-0.19	-4.13	4.32	-0.43	-0.92	2.99	24
-130.4	50.48	12	-0.22	-3.99	4.22	-0.46	-1.37	2.5	23
-131.22	51.44	16	0.17	-1.05	0.88	0.49	-1.87	2.44	23
-120.96	26.11	31	-0.48	3.58	-3.1	1.06	-1.7	3.28	23
-125.26	41.1	18	-0.57	-3.26	3.83	0.74	0.03	0.83	23
-128.89	48.58	28	-0.87	-2.09	2.96	-0.06	-0.34	0.67	23
-126.8	43.11	15	-0.53	-2.09	2.62	-0.33	0.05	-1.84	23
-153.27	59.75	111	2.39	-5.66	3.27	0.83	3.05	0.96	26
-110.15	25.76	18	-0.25	-2.21	2.46	0.13	0.21	-0.67	23
-118.5	37.23	29	-0.07	-2.7	2.77	-0.47	0.76	-0.65	23
-119.45	35.55	27	0.16	-3.37	3.21	0.05	-0.05	-0.43	23
-129.69	49.34	21	-0.08	-1.6	1.67	0.0	0.04	-0.56	23
-162.17	56.3	236	-0.5	-1.54	2.04	1.85	1.72	-2.62	23
-130.24	49.4	15	-0.29	-1.9	2.19	0.05	-0.47	0.33	24
-114.18	30.23	18	-0.01	-0.15	0.16	-0.23	0.09	1.21	23
-114.17	30.24	12	-1.1	-1.39	2.49	-0.34	-1.15	4.88	23
-114.2	30.23	12	-0.1	-1.07	1.17	-0.1	-0.14	1.7	24
-129.02	47.51	22	-0.28	-5.1	5.39	-0.88	-0.13	-0.4	23
-158.44	55.55	46	-2.16	0.79	1.37	-1.19	2.33	4.14	24
-116.48	33.51	25	-0.1	-0.78	0.88	0.37	0.19	-0.44	24
-127.82	43.5	24	0.58	-2.0	1.42	-0.55	0.12	-1.24	23
-122.82	39.38	18	-0.59	-4.06	4.65	1.32	-0.84	2.23	23
-110.02	43.23	26	-1.93	-2.48	4.4	1.14	-0.54	0.65	23
-125.65	40.47	23	-0.48	-0.31	0.78	0.01	-0.04	-3.9	24
-130.88	51.32	34	-0.05	-5.3	5.35	1.09	-1.64	3.76	23
-129.39	48.8	25	-0.01	-1.69	1.7	-0.16	0.24	-0.6	23
-126.3	41.81	24	-1.29	-2.92	4.21	-0.99	-0.12	2.22	23
-129.61	44.06	15	-0.02	-1.34	1.36	-0.35	-0.58	-0.33	23
-129.65	44.11	17	-0.47	-5.05	5.52	-1.45	-0.17	-1.54	23
-109.79	25.64	17	-0.21	-0.98	1.19	-0.11	0.31	-0.32	24
-160.1	54.1	22	2.09	-4.01	1.91	1.4	2.79	6.99	23
-127.25	43.33	18	-0.2	-1.35	1.55	-0.24	-0.1	-1.35	24
-126.46	40.46	21	-0.13	-0.01	0.14	0.04	0.27	-1.11	26
-109.66	25.09	18	-0.55	-1.72	2.26	-0.48	0.6	-0.14	23
-122.86	38.82	12	-2.01	-3.01	5.03	0.96	-2.01	4.35	23
-118.87	38.4	21	-1.17	-3.35	4.52	0.14	-0.41	-1.55	24
-118.93	38.41	24	-1.53	-1.91	3.44	0.31	0.23	-0.72	24
-118.91	38.4	26	-0.85	-3.52	4.37	-0.49	0.01	-2.55	24
-130.27	49.98	12	-1.79	-4.35	6.14	0.62	-2.01	5.51	23
-130.35	50.02	16	-0.05	-0.97	1.01	0.09	-0.02	1.13	23
-130.27	49.98	12	-0.59	-0.75	1.34	-0.06	-0.44	1.15	24
-130.24	49.96	12	0.06	-1.81	1.75	-0.39	-0.65	1.85	23
-129.76	49.1	16	-0.6	-3.34	3.94	-1.35	0.01	-0.25	23
-142.7	62.64	20	0.0	-1.59	1.58	-0.35	-0.09	0.24	24
-129.52	49.43	12	0.4	-5.67	5.27	0.04	-1.61	1.43	23
-129.49	49.46	12	-0.2	-5.41	5.61	-0.06	-1.25	3.39	23
-152.59	59.65	92	1.22	-3.09	1.87	-0.4	1.56	-0.29	24
-110.09	25.88	22	0.01	-3.47	3.46	-0.17	0.24	-0.85	24
-136.6	59.91	14	0.52	0.69	-1.21	-0.56	-0.41	2.77	25
-151.74	60.25	78	0.18	-1.16	0.98	-0.14	0.54	0.13	24
-178.38	51.76	12	-1.05	-0.81	1.86	0.3	-0.17	-2.19	25
-178.31	51.63	13	-0.39	-2.87	3.26	1.88	0.13	-1.93	23
-178.49	51.8	12	-0.75	-0.19	0.94	-0.51	-0.0	-2.59	23
-164.41	54.63	15	0.24	1.7	-1.93	-0.02	-0.08	0.78	23
-111.57	27.79	16	-0.26	-1.28	1.54	0.1	0.89	-0.65	23
-130.4	50.52	17	-0.38	-3.3	3.68	-0.26	-0.3	2.04	23
-112.46	46.95	22	-2.43	-2.29	4.72	0.36	0.09	-5.94	24
-109.97	25.24	25	-0.32	-2.17	2.49	-0.27	0.58	0.64	23
-109.87	25.3	18	0.23	-1.61	1.38	-0.3	0.54	0.09	23
-109.87	25.25	12	-0.05	-1.86	1.91	-0.53	0.48	-0.03	23
-125.24	40.75	24	-0.56	-5.22	5.78	-0.8	0.52	3.19	23
-125.98	41.87	12	-0.03	-2.01	2.03	0.44	-0.09	-0.22	23
-151.63	55.37	15	-0.95	-0.71	1.66	0.38	-0.41	2.51	23
-127.39	43.34	12	-0.02	-0.82	0.84	0.0	0.18	-0.89	23
-111.18	42.56	22	-0.57	-1.13	1.71	-0.2	-0.21	1.06	23
-111.38	42.47	16	-0.17	-1.3	1.46	0.45	0.16	0.97	23
-127.22	40.47	19	-0.53	0.59	-0.05	0.32	1.36	-5.34	24
-128.33	48.1	23	-0.04	-1.34	1.38	0.01	0.62	-0.88	23
-127.72	43.42	21	-0.05	-1.1	1.15	0.04	0.01	-1.03	24
-153.14	59.8	87	0.87	-2.02	1.15	-0.52	1.05	0.09	23
-153.1	60.35	149	0.18	-1.38	1.2	0.56	0.69	2.37	23
-173.11	64.93	21	-0.56	2.73	-2.18	-0.04	-0.37	-0.75	23
-121.31	36.67	15	0.03	-1.38	1.35	-0.05	-0.06	-0.15	23
-130.03	49.2	18	-0.18	-3.57	3.75	-0.66	-0.32	1.16	23
-126.61	43.01	14	0.35	-1.82	1.47	-0.44	-0.32	-0.81	23
-130.29	50.48	18	-0.22	-4.25	4.47	-0.31	-0.85	1.91	23
-133.78	65.65	15	2.54	-5.03	2.49	0.84	0.37	1.96	23
-172.55	63.16	23	-1.03	4.6	-3.56	-0.23	-0.3	-0.07	23
-111.06	26.78	17	-0.2	-3.04	3.24	-0.1	-0.46	-0.61	25
-111.01	26.62	17	-0.58	-2.59	3.17	-0.49	0.22	-0.66	23
-114.22	30.2	13	-0.28	-1.65	1.93	0.31	-0.29	1.89	23
-149.12	56.22	34	0.24	-0.48	0.25	0.19	-0.36	0.79	28
-148.96	55.57	21	-0.36	-2.0	2.36	-0.03	0.12	2.07	23
-149.83	56.15	16	0.02	0.43	-0.44	2.58	1.94	5.11	23
-126.55	40.49	15	-0.48	-0.17	0.65	0.97	2.77	-6.19	24
-126.6	40.4	21	0.19	-0.26	0.07	-1.36	1.82	-6.45	23
-149.49	55.77	20	-0.03	-5.36	5.39	0.25	-1.48	0.81	23
-150.04	55.96	15	-0.6	-0.78	1.37	2.29	0.14	5.28	23
-149.97	55.91	22	-0.22	-0.32	0.54	0.97	-0.04	1.61	23
-149.76	56.05	12	-0.13	-0.11	0.23	0.98	1.22	2.27	23
-127.68	43.42	23	-0.03	-1.9	1.93	-0.21	0.16	-1.62	24
-149.73	56.0	15	0.0	-0.17	0.17	0.31	0.54	1.56	23
-149.94	56.02	16	0.01	-0.68	0.68	0.61	-0.05	2.13	23
-149.25	56.27	21	-0.04	-1.86	1.89	0.74	-0.54	0.54	23
-148.72	56.47	14	0.04	-1.26	1.22	0.75	0.92	4.55	23
-148.27	56.38	31	0.66	-2.32	1.65	0.43	-1.14	1.52	23
-150.04	55.97	18	0.2	-0.65	0.45	0.71	0.2	2.48	23
-149.69	56.07	19	-0.14	-0.26	0.41	0.87	-0.05	2.11	23
-158.93	55.67	26	-0.64	2.41	-1.77	-0.3	-1.55	-1.57	23
-149.54	56.32	24	0.08	-0.42	0.34	1.49	0.46	2.08	23
-149.13	55.68	12	2.07	-1.27	-0.8	0.9	0.66	3.86	23
-153.21	59.78	103	1.04	-4.57	3.54	-0.35	2.1	-0.49	23
-149.92	55.81	13	-0.02	-0.02	0.04	0.43	0.14	1.25	23
-148.38	56.37	12	-0.21	-0.79	1.0	1.23	0.68	5.29	23
-148.64	56.5	16	-0.16	-0.63	0.79	0.58	-0.08	1.89	23
-148.46	56.57	12	-0.16	-0.19	0.35	0.24	-0.15	1.5	24
-149.76	56.1	13	-0.07	0.25	-0.19	0.32	0.33	4.48	23
-149.03	56.34	14	-0.61	-1.29	1.89	0.11	-0.58	-0.43	23
-119.72	33.9	12	0.02	-0.55	0.52	-0.12	-0.06	1.25	24
-149.7	56.11	14	-0.27	-0.53	0.8	1.11	1.16	8.5	23
-149.01	56.09	16	-0.09	-1.05	1.14	0.46	-0.48	0.22	23
-148.37	56.39	29	1.09	-1.76	0.67	-0.75	-0.71	2.17	24
-155.76	57.52	89	0.09	-0.69	0.6	0.28	0.15	1.03	24
-127.11	43.27	17	-0.62	-1.28	1.9	-0.62	0.09	-1.58	23
-128.38	43.52	19	0.06	-1.67	1.6	-0.32	-0.12	-1.37	23
-149.23	56.32	13	-0.06	-2.94	3.0	0.43	-1.25	0.3	23
-177.37	60.42	16	-0.74	3.36	-2.62	-1.62	-1.3	-0.36	23
-129.04	43.99	12	-0.54	-0.59	1.12	0.07	-0.08	-0.2	24
-129.11	43.89	13	-0.4	-0.93	1.33	-0.71	-0.55	-0.32	23
-144.78	69.74	12	-0.77	-1.99	2.76	0.49	-1.51	-4.73	25
-144.67	69.83	34	-0.3	0.26	0.04	0.74	-0.05	-1.06	24
-144.23	69.68	15	-0.14	-0.72	0.86	0.22	-0.25	-1.01	25
-144.26	69.66	12	-0.64	-2.18	2.81	2.16	0.25	-3.23	23
-130.44	50.6	16	-0.01	-2.13	2.14	-0.49	-0.92	1.32	23
-127.93	43.5	19	-0.11	-1.7	1.81	0.04	0.03	-1.54	25
-169.52	52.71	16	-0.56	0.18	0.38	-0.14	-0.14	-1.55	23
-144.94	69.63	13	-0.47	-2.85	3.33	2.27	2.49	-2.28	23
-129.54	48.95	15	-0.33	-6.51	6.84	-0.17	-0.13	-1.95	25
-129.89	49.14	16	-0.16	-1.56	1.71	0.08	-0.02	-0.42	26
-130.13	49.0	15	-0.02	-5.6	5.62	0.09	-1.21	2.34	25
-130.09	48.9	14	0.77	-2.49	1.73	-0.39	-0.38	1.81	23
-130.05	49.0	12	0.97	-2.23	1.26	-0.33	-0.44	1.09	23
-129.29	48.89	21	0.01	-0.89	0.88	-0.02	-0.03	-0.48	24
-149.52	56.38	33	0.79	-1.8	1.01	0.25	-1.31	2.02	23
-151.55	65.35	25	-0.28	1.56	-1.29	0.35	1.65	-4.23	23
-129.7	49.01	14	-0.62	-3.14	3.77	-0.56	-0.1	-1.36	23
-110.51	26.18	21	-0.85	-6.27	7.13	-1.37	-0.08	-1.48	23
-115.22	32.21	13	-0.51	-2.02	2.52	-0.26	0.04	1.28	23
-153.31	60.02	153	0.98	-2.73	1.75	0.38	1.18	0.98	24
-129.74	49.82	24	-0.81	-0.01	0.82	0.28	-1.11	2.0	23
-150.2	61.33	61	-0.48	-1.65	2.13	0.54	0.75	0.77	23
-129.23	48.83	22	-0.21	-1.59	1.8	-0.19	-0.07	-0.77	24
-129.16	48.75	19	-0.03	-1.86	1.89	-0.09	0.33	-0.63	23
-154.85	56.5	34	-1.38	-1.4	2.78	-0.27	1.41	1.97	23
-110.74	26.35	13	-2.05	-1.34	3.39	-0.54	0.21	2.11	23
-153.42	65.4	18	-0.81	-1.69	2.5	1.32	0.18	-1.75	23
-130.14	50.53	27	-0.17	-2.43	2.61	0.27	-0.31	1.14	23
-113.95	29.7	13	-0.13	-0.95	1.08	-0.32	-0.14	0.33	24
-155.47	58.46	131	0.24	-0.38	0.13	0.04	0.64	0.63	24
-157.19	66.34	18	-0.84	1.02	-0.19	0.26	0.95	-1.89	23
-130.39	50.53	22	0.55	-1.68	1.13	0.34	-0.25	1.26	23
-130.36	50.53	12	0.22	-0.73	0.5	0.08	-0.22	1.17	24
-108.88	38.32	20	0.19	0.79	-0.98	0.22	0.16	-0.9	23
-157.1	66.38	18	-0.31	0.55	-0.25	0.24	0.18	-0.92	24
-154.94	58.81	159	2.15	-4.71	2.56	0.1	1.38	0.37	23
-134.88	55.41	28	0.96	0.24	-1.2	-1.09	-0.93	2.04	23
-114.12	30.74	16	-0.65	-1.96	2.61	0.15	0.49	0.82	23
-114.03	30.68	12	-0.2	-0.7	0.89	-0.16	-0.13	0.07	24
-149.11	56.34	15	0.38	-2.55	2.18	-0.29	-0.74	0.43	23
-129.16	43.99	14	-0.38	-1.15	1.53	-0.1	0.55	-1.15	23
-130.1	50.12	25	-0.12	-3.11	3.23	1.08	-2.87	1.61	23
-130.32	50.01	14	-0.43	-2.54	2.97	0.37	-0.26	0.45	24
-152.5	58.9	79	0.19	-0.72	0.54	0.11	0.22	0.32	25
-151.42	58.32	32	-0.06	-2.38	2.44	1.2	0.42	0.82	23
-124.29	40.25	15	-0.16	-2.6	2.75	0.28	1.46	-2.28	24
-157.26	66.35	12	-0.26	0.68	-0.42	0.43	0.84	-1.9	23
-144.67	69.32	21	-0.16	-0.01	0.17	0.52	0.07	-0.94	24
-130.64	51.16	12	-0.08	-1.18	1.26	0.26	-0.66	2.35	25
-117.54	35.69	13	-0.46	-5.68	6.13	-0.0	-0.56	0.49	25
-117.57	35.78	16	-0.43	-1.28	1.7	0.81	-0.28	-0.19	24
-130.78	51.13	12	0.16	-1.96	1.81	0.43	-0.75	2.69	24
-117.58	35.78	12	-0.23	-4.11	4.34	0.51	0.49	0.95	26
-117.65	35.95	12	-0.25	-2.86	3.12	-0.0	0.25	2.88	23
-117.58	35.65	15	-0.36	-2.61	2.97	-0.48	-0.5	0.87	23
-127.51	43.39	19	0.03	-1.3	1.27	-0.05	-0.26	-1.21	24
-117.86	36.14	15	-0.37	-0.95	1.33	-0.22	0.03	0.32	23
-130.31	50.18	19	-0.07	-0.48	0.55	0.33	-0.46	1.4	23
-129.51	44.16	12	-0.52	-1.08	1.6	-0.04	-0.15	-1.15	24
-117.64	35.95	13	-1.37	-1.45	2.82	1.83	-2.28	3.13	23
-128.06	43.59	18	-0.24	-2.69	2.93	0.01	-0.22	-2.45	25
-128.09	43.68	15	0.05	-0.95	0.91	-0.17	-0.15	0.05	25
-139.68	57.12	17	-0.32	2.42	-2.09	-0.21	0.6	3.88	24
-148.54	56.14	12	-0.24	-1.03	1.27	0.71	0.55	4.19	23
-122.06	37.98	12	0.13	-0.76	0.63	0.14	0.12	0.87	23
-148.56	56.21	13	0.38	-0.44	0.07	-0.31	1.26	1.62	23
-121.33	36.65	12	-0.15	-2.28	2.44	0.23	-0.09	-0.01	23
-126.57	43.08	12	-0.32	-1.22	1.54	-0.34	-0.58	-0.92	23
-157.13	66.37	12	-0.73	1.0	-0.28	0.36	0.26	-1.57	24
-157.24	66.42	14	-0.37	0.65	-0.28	0.26	0.23	-0.67	24
-127.2	43.28	18	-0.54	-0.58	1.11	-0.13	-0.19	-2.09	23
-125.89	41.9	15	-0.11	-1.12	1.23	-0.46	-0.09	0.32	24
-114.15	30.88	12	-1.04	-4.07	5.11	0.69	-0.62	0.29	23
-137.82	58.65	32	3.4	-1.12	-2.28	-1.35	-2.34	5.28	23
-130.04	50.34	12	-0.06	-0.79	0.85	0.01	-0.22	0.05	24
-130.01	50.36	12	0.38	-4.41	4.03	-0.16	-0.21	-0.15	24
-130.18	50.48	12	-0.01	-1.22	1.23	-0.08	-0.18	0.38	25
-129.91	50.29	12	-0.07	-1.39	1.46	-0.12	-0.11	0.06	25
-130.22	50.4	12	-0.37	-3.69	4.06	0.61	-0.62	1.42	23
-130.22	50.41	15	-0.14	-2.11	2.24	-0.01	-0.35	2.41	25
-126.38	42.05	17	0.05	-2.44	2.39	-0.5	-0.23	0.91	23
-130.37	50.56	27	-0.28	-1.74	2.02	-0.06	-0.23	1.06	23
-177.81	51.96	12	-0.38	-0.09	0.46	0.23	-0.85	-2.54	25
-149.24	55.75	12	1.04	-0.9	-0.14	0.71	1.72	5.2	23
-113.19	28.94	15	-1.41	-4.84	6.25	-4.01	-2.05	0.67	23
-131.19	51.31	18	-0.15	-2.21	2.35	0.67	-1.28	1.51	23
-109.79	25.25	17	-0.55	-5.44	5.99	-0.2	0.66	0.85	23
-128.51	43.66	17	-0.48	-2.13	2.61	0.46	-0.25	-2.48	23
-114.58	31.79	14	-0.46	-2.36	2.82	-1.23	-1.04	0.48	24
-125.16	40.44	21	-0.09	-1.68	1.77	0.45	-0.14	-7.92	24
-125.26	40.46	22	-0.59	0.36	0.23	-0.38	-0.45	-4.53	23
-157.31	66.31	15	-1.17	0.94	0.23	0.2	0.53	-2.19	23
-124.47	40.4	34	0.17	-1.12	0.95	-0.1	0.2	-0.29	24
-148.69	56.43	23	1.34	-5.13	3.78	-0.9	-0.17	5.55	23
-124.85	40.39	22	-0.06	-2.62	2.68	0.06	0.49	0.13	23
-115.2	44.45	14	-2.32	1.78	0.54	1.12	1.15	-5.97	25
-116.42	33.57	25	-0.74	-2.44	3.17	2.28	1.1	-2.02	23
-118.67	38.07	15	-0.14	-0.77	0.9	-0.16	-0.07	0.49	24
-118.7	38.11	15	0.12	-0.58	0.46	0.26	-0.15	1.14	23
-127.68	49.32	24	-0.64	-1.88	2.53	0.25	-0.14	-2.47	23
-115.97	33.39	19	0.3	-1.65	1.36	-0.41	0.59	-0.05	23
-117.85	38.21	12	-1.35	-2.04	3.39	-1.53	0.2	5.46	25
-117.72	38.24	16	-1.11	0.43	0.67	0.86	-0.81	2.45	23
-117.77	38.23	12	0.1	-1.05	0.94	-0.2	0.25	1.61	23
-129.8	50.13	15	-0.11	-0.75	0.86	-0.01	-0.1	-0.07	24
-117.43	35.6	15	-0.24	-2.42	2.66	-0.55	-0.5	1.05	24
-117.75	38.26	12	-0.19	-1.81	2.0	0.22	0.52	1.6	23
-127.05	43.33	14	-0.56	-1.32	1.88	-0.08	-0.16	-1.5	23
-126.29	41.86	24	-0.27	-1.56	1.83	-0.05	0.17	0.0	23
-177.4	51.94	15	0.03	0.17	-0.2	0.22	-0.62	-0.87	24
-161.21	54.55	18	-0.17	0.67	-0.5	-0.34	0.27	-0.49	24
-115.6	31.57	15	-0.22	-6.63	6.85	-0.55	0.16	-2.4	23
-117.48	36.45	12	-0.09	-1.57	1.66	0.36	-1.1	0.98	23
-115.19	44.52	18	-0.64	1.32	-0.67	0.1	0.77	-1.51	23
-111.36	26.97	19	-0.15	-0.84	0.99	-0.31	-0.07	-0.19	24
-111.36	26.94	25	-0.36	-1.82	2.18	-0.59	0.16	-0.64	23
-169.64	51.91	20	-0.44	1.38	-0.94	-0.14	0.46	0.89	23
-115.6	33.04	12	-0.57	-1.88	2.45	-0.42	-0.91	3.34	23
-128.84	47.62	24	-0.52	-0.87	1.39	-0.16	-0.26	0.47	23
-159.7	54.48	37	0.05	-0.52	0.46	1.87	0.7	2.15	27
-159.81	54.34	20	-0.73	-0.66	1.39	1.44	2.35	4.3	24
-159.91	54.57	28	0.51	-2.16	1.65	1.72	1.27	3.8	23
-159.76	54.26	25	-0.48	-2.24	2.73	4.68	-1.71	4.16	23
-164.65	52.98	36	-0.08	1.71	-1.64	0.94	1.38	2.57	23
-110.17	25.94	17	-0.47	-1.73	2.2	-0.34	0.86	-0.31	23
-147.46	56.53	16	-0.46	0.55	-0.08	0.44	1.69	1.98	23
-159.67	54.55	22	-1.93	2.85	-0.92	-1.62	2.83	4.75	23
-159.25	54.49	47	0.36	1.85	-2.21	0.74	1.34	0.62	23
-159.84	54.13	22	-0.61	-0.56	1.16	2.01	0.87	4.13	23
-117.78	38.22	15	-0.37	-0.47	0.84	-0.54	-0.08	1.38	24
-150.67	53.71	12	2.01	-1.13	-0.88	-0.94	1.05	3.87	24
-118.05	38.17	12	-1.14	-1.21	2.35	-1.61	-0.06	2.83	23
-159.89	54.43	24	0.49	0.69	-1.17	1.91	0.69	1.79	23
-118.03	38.22	15	-0.48	-0.38	0.86	-0.51	0.1	2.37	23
-159.74	54.65	33	0.02	-0.86	0.84	0.98	1.03	3.51	23
-118.04	38.19	16	-1.59	0.22	1.37	-0.42	-0.34	2.59	23
-127.2	43.4	27	-0.25	-1.34	1.58	0.06	-0.13	-1.49	23
-159.78	54.72	35	0.23	-0.67	0.44	0.88	1.68	3.94	23
-130.38	50.5	16	-0.3	-2.94	3.25	1.01	-0.86	1.88	23
-127.36	43.39	19	-0.1	-3.45	3.55	-0.24	-1.02	-3.29	24
-153.94	57.72	88	-0.54	-0.75	1.29	1.19	-0.48	4.1	23
-110.92	26.66	18	-0.1	-0.92	1.02	-0.17	-0.06	-0.25	24
-128.31	43.63	21	-0.07	-0.58	0.65	0.05	0.01	-0.51	24
-128.27	43.63	22	0.66	-4.55	3.89	0.15	-0.01	-3.23	23
-128.99	47.52	22	-0.47	-1.15	1.62	-0.09	-0.53	0.39	23
-169.98	52.91	17	-0.91	2.09	-1.19	-0.19	0.03	-1.21	23
-125.31	40.47	21	-0.62	0.2	0.43	-0.15	-0.2	-1.92	23
-113.88	29.74	15	-0.84	-1.65	2.49	-0.6	0.08	1.67	23
-137.88	58.38	18	-0.09	-0.81	0.9	-0.22	-0.65	1.67	23
-120.18	39.56	20	-0.31	-1.0	1.31	0.12	-0.05	0.81	23
-149.79	56.05	12	0.02	-0.32	0.3	0.87	0.86	4.51	23
-110.2	25.84	17	0.09	-2.75	2.66	-0.59	0.28	-0.84	23
-126.55	42.29	15	0.0	-0.79	0.78	-0.05	-0.09	0.31	25
-126.54	42.24	15	0.0	-0.99	0.99	-0.03	-0.08	0.39	25
-126.55	42.33	15	-0.07	-2.67	2.74	-0.22	-0.29	-0.09	23
-115.6	33.14	12	-0.08	-0.68	0.76	-0.07	-0.22	0.83	24
-110.04	25.78	17	-0.0	-3.18	3.19	-0.78	0.97	-0.8	23
-124.39	40.32	34	0.82	-6.48	5.66	-1.33	1.6	-2.11	23
-111.51	27.71	15	-0.26	-2.28	2.54	-0.24	0.1	-0.73	24
-127.74	43.45	12	0.16	-0.94	0.78	-0.31	-0.06	-0.84	23
-147.23	64.43	15	0.35	-1.53	1.18	-0.62	-0.78	1.2	23
-109.83	25.37	12	-0.28	-2.7	2.98	-1.0	0.43	0.3	23
-109.89	25.29	12	0.21	-1.54	1.33	-0.5	0.17	0.09	23
-109.86	25.31	12	-0.29	-6.3	6.59	-2.22	0.27	-0.26	23
-156.4	56.01	39	-2.1	-0.59	2.69	-0.38	2.17	3.52	23
-156.63	56.45	67	0.25	0.23	-0.48	0.85	1.64	2.2	26
-126.76	43.11	14	-0.21	-2.78	2.99	-0.75	-0.42	-2.24	23
-129.82	44.28	12	0.02	-1.8	1.78	-0.3	-0.27	-1.5	24
-129.78	44.27	12	-0.27	-1.43	1.7	0.02	-0.17	-1.65	24
-129.74	44.23	12	0.04	-0.8	0.76	0.03	-0.06	-0.45	24
-129.69	44.22	14	-0.73	-5.82	6.56	0.7	-0.92	-3.78	24
-129.63	44.18	15	-0.43	-5.67	6.1	0.24	-0.48	-2.43	24
-129.7	44.2	20	-0.09	-4.12	4.21	-1.39	0.12	-2.23	23
-129.66	44.26	15	-0.35	-1.34	1.69	-0.02	0.16	-1.25	23
-129.67	44.25	12	-0.41	-1.26	1.67	0.14	-0.31	-1.17	24
-129.94	44.27	13	-0.15	-0.71	0.86	-0.05	0.11	-0.78	24
-129.9	44.3	14	-0.31	-1.76	2.07	-0.12	0.01	-2.03	24
-129.49	44.11	12	-0.08	-0.55	0.62	-0.29	0.08	-0.51	24
-129.54	44.16	12	-0.35	-1.75	2.1	0.2	-0.11	-1.61	24
-129.57	44.11	18	-0.11	-4.19	4.3	-0.81	0.52	-4.43	23
-129.59	44.1	16	0.4	-5.13	4.73	-1.1	1.31	-5.98	23
-129.59	44.07	16	0.64	-2.38	1.75	-0.54	0.99	-2.29	23
-129.59	44.09	18	0.32	-4.48	4.16	-0.35	1.13	-5.23	23
-129.67	44.04	24	-0.12	-0.95	1.07	-0.42	0.22	-1.48	23
-129.58	44.12	20	0.54	-2.49	1.94	-0.56	0.6	-2.34	23
-129.57	44.1	15	0.02	-0.92	0.9	-0.07	0.18	-1.07	24
-129.33	43.98	12	-0.24	-1.0	1.25	0.09	0.44	-1.37	23
-129.58	44.07	12	0.12	-1.78	1.65	-0.41	0.62	-1.19	23
-129.32	44.01	19	0.51	-2.99	2.48	0.56	0.79	-2.85	23
-129.63	43.99	15	0.38	-1.73	1.35	-0.14	0.98	-1.58	23
-129.42	44.07	14	0.4	-1.82	1.42	0.17	-0.12	-1.68	23
-129.59	43.97	20	0.31	-1.99	1.68	-0.22	0.52	-1.51	23
-129.53	43.97	15	-0.05	-1.65	1.71	-1.07	0.7	-2.09	23
-129.52	44.06	17	-0.28	-4.95	5.23	-0.89	0.86	-5.74	23
-129.56	44.1	16	-0.08	-1.02	1.11	-0.12	0.08	-1.32	24
-124.41	40.36	29	0.18	-2.07	1.89	0.03	-0.75	-1.51	25
-153.41	60.16	154	0.33	-0.79	0.47	0.41	0.3	0.72	25
-129.32	44.03	18	0.14	-2.26	2.12	-0.3	0.36	-1.73	23
-117.9	37.36	14	-0.23	-0.95	1.18	-0.67	0.52	2.19	23
-124.82	40.38	14	-0.02	-1.17	1.2	-0.44	-0.07	-0.87	23
-140.41	60.57	44	-2.48	4.62	-2.14	0.93	3.88	3.66	23
-179.81	51.3	44	0.42	2.03	-2.45	2.73	1.33	-3.58	23
-152.47	60.28	116	0.36	-5.81	5.45	0.01	0.82	2.17	23
-110.97	26.72	16	-0.1	-1.3	1.4	-0.56	-0.08	-0.35	24
-149.12	55.76	12	0.13	-3.99	3.86	0.35	-1.69	1.73	23
-152.21	60.78	106	0.87	-2.47	1.6	-1.19	1.28	-1.82	23
-129.44	43.98	12	-0.19	-4.41	4.6	-2.42	0.95	-5.24	23
-129.91	50.23	12	-0.16	-1.11	1.27	-0.1	-0.17	-0.04	24
-156.66	56.48	59	-0.67	0.07	0.6	-0.19	0.48	1.42	24
-110.2	25.84	17	-0.35	-1.8	2.15	0.2	-0.04	-0.21	23
-109.81	25.33	20	-0.65	-1.99	2.64	-0.87	0.65	-2.64	23
-130.44	50.66	17	0.16	-2.03	1.87	0.66	-0.57	1.48	23
-130.33	44.42	13	-0.31	-2.2	2.51	0.11	-0.33	-1.87	24
-130.39	44.4	13	-0.09	-1.92	2.01	-0.28	0.27	-1.31	23
-130.48	44.33	15	-0.49	-0.94	1.42	-0.21	1.33	-1.45	23
-130.45	44.43	13	0.22	-2.36	2.14	-0.1	-0.18	-0.25	23
-117.67	35.65	20	0.06	-1.79	1.73	-0.59	0.48	-0.02	23
-131.28	51.64	15	-0.17	-0.77	0.95	0.38	-1.27	2.3	23
-111.59	27.75	13	-0.09	-0.75	0.84	-0.14	0.07	-0.31	24
-129.1	48.69	20	-0.26	-2.64	2.9	-0.17	-0.11	-0.55	23
-126.84	43.17	17	-0.6	-2.36	2.95	-0.82	-0.58	-1.79	23
-145.8	61.52	44	-0.54	-2.1	2.64	1.01	1.3	0.65	23
-124.72	40.36	19	-0.39	-0.53	0.92	0.0	0.09	-2.49	23
-111.33	27.07	15	-0.32	-0.81	1.13	-0.05	-0.1	-0.74	24
-150.62	63.05	126	0.42	0.56	-0.98	0.33	1.86	2.12	23
-126.25	41.94	28	-0.25	-0.94	1.19	-0.19	0.03	1.07	23
-121.73	37.33	12	-0.22	-5.31	5.53	1.29	1.85	1.99	23
-133.44	31.52	23	-0.53	0.3	0.24	0.12	-0.29	1.28	25
-112.34	28.29	14	-0.16	-1.63	1.78	-0.17	-0.31	-0.37	25
-127.65	43.46	13	-0.01	-0.62	0.63	-0.1	-0.21	-0.63	24
-116.42	30.74	12	-0.09	-1.94	2.04	0.21	0.31	0.53	25
-116.55	30.87	12	-0.25	-1.75	1.99	0.48	0.26	1.14	23
-116.48	30.86	12	0.04	-1.5	1.46	0.07	0.02	0.66	23
-126.17	49.21	35	-0.34	-3.27	3.6	1.14	-0.93	0.94	23
-130.39	50.6	15	-0.33	-2.98	3.31	0.25	-0.35	1.89	23
-128.39	43.63	15	-0.34	-1.96	2.3	-0.11	-0.14	-1.84	23
-124.25	40.62	17	0.17	-2.82	2.65	-0.25	-0.37	3.4	25
-124.01	40.47	26	0.11	-1.59	1.48	-0.3	-0.35	-0.77	24
-112.2	28.15	24	-0.1	-1.31	1.41	-0.74	0.63	-0.42	23
-152.39	61.19	110	0.01	-3.86	3.85	-1.5	1.74	0.58	23
-129.91	50.15	12	-0.47	-1.87	2.34	-0.13	-0.13	-0.34	23
-151.71	59.28	55	-0.53	-1.28	1.81	-0.02	1.11	0.84	23
-140.71	61.39	20	-0.44	-2.4	2.85	0.0	-0.77	1.4	23
-129.66	48.8	24	0.13	-1.48	1.34	-0.19	-0.34	0.23	23
-152.03	59.58	75	0.35	-1.62	1.27	0.54	0.76	0.01	24
-169.78	53.79	210	-0.88	0.26	0.62	-0.76	-2.04	-2.45	23
-164.93	53.91	71	0.7	-1.91	1.21	-1.01	-0.42	1.25	23
-129.77	49.11	22	-0.15	-1.46	1.62	0.18	-0.11	-0.66	25
-129.5	48.84	22	-0.2	-1.6	1.8	0.05	0.06	-1.23	23
-109.84	25.64	17	-0.09	-0.68	0.77	-0.12	0.14	-0.23	24
-121.06	40.29	19	-2.9	-1.28	4.18	3.12	-0.42	-6.67	23
-110.77	26.47	12	-0.71	-1.49	2.2	-0.18	-0.0	2.09	23
-125.35	40.48	19	-0.78	0.07	0.71	-0.91	-0.74	-3.82	24
-178.4	51.54	20	-0.33	-0.04	0.37	0.28	0.52	-0.78	24
-154.85	58.17	102	1.24	-1.51	0.28	1.94	1.25	3.21	23
