71.67	39.27	34	-5.58	9.32	-3.74	-4.25	-2.95	-0.96	24
78.13	31.28	10	-3.93	-0.67	4.59	1.33	1.56	0.29	23
69.89	35.62	78	-3.15	4.15	-1.0	2.86	2.2	0.45	23
81.78	35.68	10	-1.01	-0.31	1.31	1.0	-1.44	0.36	24
72.19	35.11	264	-1.16	1.28	-0.12	-0.52	0.09	-0.18	24
69.76	36.29	225	0.76	-4.52	3.76	6.19	-1.05	-1.3	23
81.59	30.1	15	-3.64	-1.52	5.15	-1.36	2.47	0.33	23
82.06	35.76	15	-4.86	0.3	4.56	3.11	-1.21	-0.47	24
72.5	39.14	15	-0.02	0.04	-0.02	-0.24	-1.01	-0.94	24
82.24	31.71	10	-3.12	0.26	2.86	-1.49	1.1	0.06	25
73.11	37.34	10	-1.93	0.18	1.75	0.58	0.09	-0.43	24
82.36	36.07	10	-0.38	-0.79	1.17	0.69	-0.6	-0.22	24
69.41	34.04	15	-1.02	-1.34	2.36	2.0	-1.67	-1.11	24
71.55	37.34	136	0.09	1.02	-1.11	-1.04	-2.05	0.51	24
70.96	35.99	126	0.07	-0.69	0.61	1.72	-0.64	-0.9	24
70.78	36.1	113	-1.01	1.41	-0.4	2.02	1.11	0.45	24
83.77	29.3	34	-0.33	0.06	0.28	-0.72	1.93	1.76	24
63.72	29.65	157	-1.05	-0.1	1.15	-0.38	0.53	-0.61	25
68.1	30.41	15	-0.35	0.45	-0.1	3.82	2.35	-0.49	24
73.6	38.23	128	-0.89	-0.18	1.08	-0.64	-1.25	-1.37	24
72.83	36.91	15	-1.74	0.57	1.18	0.28	-0.48	-1.4	24
72.85	37.04	18	-1.26	-0.42	1.67	0.84	-0.75	-0.59	25
72.84	37.18	33	-0.85	-0.31	1.15	0.72	-0.64	-0.37	24
73.08	37.2	17	-5.89	-0.92	6.8	0.63	0.03	-0.76	23
68.93	37.45	15	-1.1	-1.3	2.4	9.0	-3.86	-7.17	23
72.59	37.29	15	-4.12	-1.86	5.98	1.08	-0.67	-2.84	24
81.12	35.18	33	-4.15	1.21	2.94	0.44	2.03	0.39	23
67.18	33.15	33	-4.76	0.75	4.01	-2.06	-1.66	0.81	23
72.38	38.7	44	-1.95	-0.97	2.92	0.65	-1.69	0.33	24
71.86	37.35	131	-2.74	1.45	1.29	-3.62	-2.25	1.32	24
70.81	36.51	279	-1.62	-0.53	2.14	2.36	-0.01	2.26	24
71.46	37.3	106	-4.33	3.51	0.82	-1.7	-2.86	2.43	23
71.31	37.27	130	-2.51	6.02	-3.5	-3.16	-6.43	-0.26	23
65.19	28.05	39	-4.54	2.84	1.7	-3.44	-0.27	3.96	23
67.84	30.8	15	-0.47	0.44	0.03	2.32	0.88	0.15	24
73.26	38.4	33	-7.73	0.67	7.06	2.22	-3.85	-1.68	23
77.42	38.97	33	1.4	-5.58	4.18	-4.24	2.8	-0.83	23
67.79	30.79	15	-1.95	1.9	0.05	7.62	1.86	0.49	24
77.03	39.52	15	-6.08	2.09	3.99	1.12	-5.95	6.73	24
76.99	39.48	33	-8.35	2.18	6.17	1.03	-4.71	3.68	23
76.93	39.61	15	-1.36	0.19	1.18	0.14	-1.15	1.12	25
77.2	39.64	16	-9.41	4.86	4.56	2.11	-2.18	6.1	23
77.42	41.23	33	1.37	-3.54	2.17	-0.28	-7.87	1.75	23
77.13	39.67	15	-2.18	0.23	1.95	-0.2	-2.07	1.48	24
77.3	39.47	32	-2.52	1.93	0.59	-1.26	-0.81	2.06	23
73.21	36.75	69	-6.04	-3.26	9.3	3.47	-3.49	4.03	23
70.56	36.78	77	-1.98	-0.42	2.4	2.8	1.29	2.62	23
69.74	29.2	15	-0.26	0.36	-0.1	-1.67	-0.6	-0.85	24
69.23	36.37	24	1.32	-1.23	-0.09	4.36	-2.46	-4.31	23
70.53	36.04	106	-0.58	1.3	-0.72	2.24	1.57	0.47	25
70.19	30.13	18	0.89	-0.73	-0.16	-3.94	-0.95	-3.34	23
72.19	37.58	190	-1.29	-1.04	2.33	3.97	-2.97	-2.0	23
72.03	39.4	15	-1.04	1.27	-0.23	1.34	0.79	-0.11	24
75.91	33.32	29	-2.39	-0.7	3.09	6.35	-5.32	2.95	23
69.59	36.22	15	1.12	0.83	-1.96	4.05	-2.85	-1.05	23
81.25	30.13	15	-2.31	-0.48	2.79	-1.5	-0.14	0.24	24
70.71	36.16	161	-3.39	-2.24	5.63	3.85	0.01	2.3	23
74.64	35.56	33	-1.21	0.44	0.77	-0.06	-0.09	0.5	24
74.7	35.1	17	-8.14	1.96	6.18	1.28	5.71	4.44	23
74.66	35.52	15	-2.97	1.15	1.82	-2.06	-0.7	1.16	25
69.79	35.55	112	-0.26	0.21	0.05	1.64	0.38	-0.28	24
75.32	38.71	15	-2.09	-0.01	2.1	-0.26	-2.25	-3.13	24
83.42	32.6	29	-2.27	-0.12	2.39	0.84	0.81	0.31	23
78.58	36.6	22	-1.48	1.43	0.05	-0.81	-0.12	-0.31	23
83.78	30.56	13	-2.14	-0.22	2.36	-0.39	-0.03	-0.61	25
83.63	30.35	14	-3.24	-0.42	3.67	-1.05	0.02	-0.62	23
74.44	34.91	20	-1.07	0.79	0.29	-0.98	-0.35	0.24	23
74.34	35.16	12	-4.34	3.22	1.11	-0.78	-2.06	2.23	23
71.7	39.3	75	-4.03	0.85	3.19	0.39	0.85	-1.74	23
72.4	38.18	134	-2.31	1.34	0.98	-2.3	-0.86	-2.33	24
83.77	30.24	12	-2.96	-0.64	3.59	0.03	-0.25	-0.75	25
83.72	30.54	19	-1.49	0.17	1.31	0.96	-0.56	-0.11	24
83.76	30.25	20	-3.84	-1.15	4.99	0.2	-0.07	-0.75	23
67.69	30.39	12	-1.12	0.95	0.17	7.66	4.08	0.18	23
69.6	38.59	12	-3.75	1.5	2.24	-0.9	-0.27	2.28	23
69.63	38.88	15	-3.22	0.78	2.45	0.48	2.94	2.74	23
80.31	30.06	31	-0.97	-0.71	1.68	-0.55	-0.06	0.38	23
81.47	33.7	31	-1.62	-1.2	2.83	0.38	-0.22	0.15	23
71.7	39.22	13	3.37	-5.24	1.87	-0.12	1.01	-3.65	24
73.0	36.79	26	-3.54	-2.23	5.76	-1.26	-0.48	-1.44	23
71.32	37.01	127	-0.7	3.5	-2.79	-2.96	-3.58	0.18	23
81.37	35.43	12	-4.92	-0.36	5.29	1.25	0.82	1.09	26
81.65	35.89	30	-0.82	-0.04	0.86	0.29	-0.24	0.04	24
81.43	35.39	19	-0.61	-0.15	0.77	0.07	-0.16	0.14	24
81.65	35.86	16	-3.77	-3.35	7.12	0.56	-1.25	-0.58	23
81.28	35.23	17	-1.83	-1.32	3.15	0.21	-1.09	-0.25	23
71.06	36.32	110	-0.1	2.87	-2.76	-3.07	-2.09	-0.1	23
83.51	30.61	17	-1.02	-0.38	1.4	-0.56	0.2	0.11	26
83.48	30.41	19	-4.95	-0.38	5.33	-1.27	-1.37	-0.69	23
83.52	30.58	18	-2.05	-0.97	3.02	0.08	-0.53	-0.67	23
70.71	36.17	123	0.48	-0.78	0.3	-0.12	0.52	-0.48	24
81.31	35.32	25	-2.62	-0.61	3.23	0.61	-0.25	0.83	23
81.39	35.57	22	-1.78	-0.3	2.08	1.25	-0.16	0.53	23
82.47	33.73	21	-3.32	-0.53	3.85	1.26	0.24	0.14	23
81.58	35.76	18	-0.82	-3.04	3.86	2.11	-2.85	0.24	23
83.55	30.56	21	-2.38	-2.46	4.84	-0.69	0.64	-0.16	23
83.71	30.6	19	-3.23	0.89	2.34	-1.23	-2.14	-2.63	23
75.74	42.54	26	-1.11	-1.65	2.76	3.35	-1.75	-2.27	23
63.9	28.61	52	-0.64	0.54	0.1	0.29	0.42	0.41	27
72.78	38.5	119	-0.27	-0.7	0.97	-0.89	-0.79	-0.56	25
74.41	39.72	23	-1.19	-0.05	1.24	-2.27	-0.85	1.01	23
73.24	36.88	22	-2.51	-2.22	4.73	1.37	-0.68	-0.35	24
70.5	36.3	158	0.92	0.43	-1.34	-2.42	-0.85	-2.1	23
73.93	38.27	158	-0.52	0.21	0.31	-0.92	0.31	-0.34	24
82.52	35.88	17	-1.96	-0.58	2.54	0.79	-0.5	0.59	25
73.24	37.0	19	-1.88	-0.02	1.89	-0.34	-0.62	-0.85	23
70.29	36.49	209	2.92	-1.34	-1.58	5.53	0.57	5.56	23
78.17	32.51	25	-2.38	-0.48	2.86	0.39	-1.21	-0.64	23
71.07	36.83	105	2.24	-4.17	1.93	-3.44	1.73	-3.56	23
82.35	36.23	25	-2.98	-2.72	5.7	6.69	-2.01	1.27	23
71.68	37.4	131	-1.68	0.64	1.04	-0.42	-0.08	0.67	23
81.53	35.95	23	-1.71	-0.19	1.9	1.17	-0.47	0.58	23
73.69	38.28	149	-0.65	0.73	-0.09	-1.55	0.05	-0.75	23
69.95	36.65	309	-1.4	2.61	-1.21	-0.08	8.83	3.34	23
70.27	36.06	121	-0.55	-0.76	1.31	2.82	0.76	0.77	23
72.55	39.05	18	-1.61	-0.43	2.04	0.96	-0.8	0.2	23
82.56	29.85	22	-1.76	-0.06	1.83	0.17	-0.17	0.3	23
83.35	30.48	14	-5.6	-1.35	6.95	2.29	-1.77	1.0	23
71.55	36.53	423	0.19	0.24	-0.43	0.87	-0.38	0.43	24
75.4	37.73	12	-1.49	-0.17	1.65	1.06	-0.55	-0.79	24
74.6	35.24	12	-0.8	0.76	0.04	0.05	-1.08	0.65	23
82.74	32.24	18	-1.14	-0.94	2.09	3.43	-0.97	1.15	23
70.56	36.21	114	-0.41	0.35	0.06	0.85	0.0	-0.12	24
72.43	38.14	119	1.07	-1.03	-0.05	-3.56	-0.34	-3.55	23
82.11	35.92	25	-2.48	-0.16	2.64	1.1	-0.13	0.4	23
78.25	35.96	17	-2.04	-0.22	2.26	2.92	-0.82	1.58	23
70.32	29.97	17	0.86	-2.07	1.21	5.34	-3.1	-4.53	23
80.74	34.29	23	-0.55	-0.42	0.96	0.49	-0.23	-0.18	24
78.0	34.3	18	-4.28	1.52	2.76	1.38	0.11	2.43	23
74.2	35.11	19	0.45	0.23	-0.68	-0.37	0.53	-0.6	24
71.57	37.03	126	0.29	-0.78	0.49	0.4	-0.63	0.14	24
71.3	36.32	83	-0.39	-0.69	1.08	0.9	2.31	-1.34	23
74.65	35.57	12	-1.83	-0.74	2.57	0.81	-0.27	1.65	24
74.52	35.49	12	-4.86	1.34	3.52	-1.3	1.95	3.42	23
82.32	35.75	17	-2.02	-0.46	2.48	2.2	0.18	1.25	23
82.35	35.71	13	-2.66	-0.54	3.2	0.82	0.32	1.05	25
82.27	35.72	20	-1.59	-0.03	1.62	0.55	0.36	1.08	23
82.39	35.78	23	-2.08	-0.31	2.39	0.6	0.05	0.35	23
79.12	34.14	21	-3.45	-0.84	4.29	0.93	-1.2	2.5	23
71.09	36.64	237	-2.26	0.95	1.31	-1.27	-0.94	-2.44	23
71.52	37.12	131	0.13	-1.98	1.85	0.57	-5.03	0.48	23
77.95	34.28	12	-0.96	0.17	0.79	-0.18	0.44	0.63	23
73.16	38.27	18	-4.58	-1.05	5.63	1.98	-0.19	-1.6	23
73.59	38.74	120	1.24	-2.5	1.25	-0.15	0.99	-0.2	23
69.72	35.57	98	-2.06	2.29	-0.22	6.75	1.13	1.54	23
70.9	36.15	99	-0.39	-0.97	1.36	1.4	1.56	-0.94	23
78.39	37.73	18	-0.61	-0.44	1.05	-4.86	2.24	-0.1	23
81.86	33.69	23	-2.43	0.22	2.21	1.07	0.02	-0.63	23
71.43	35.63	108	2.74	0.71	-3.45	1.96	-0.97	-3.59	23
79.74	35.98	16	-2.46	-0.88	3.34	4.76	-2.4	2.72	23
79.75	35.95	16	-2.84	-1.13	3.97	4.16	-3.27	1.87	23
71.03	36.5	119	0.81	-2.06	1.25	-0.4	2.6	1.3	23
70.7	36.28	92	0.25	-2.21	1.97	1.33	2.44	-1.56	23
78.52	32.66	21	-1.7	-0.07	1.77	0.56	-0.88	-0.77	23
71.85	38.74	14	-0.95	0.13	0.82	0.14	-0.38	-0.66	24
83.7	36.76	12	-1.79	-0.12	1.91	1.72	-0.55	0.96	23
83.69	36.65	13	-0.87	0.0	0.87	0.21	-0.22	0.42	23
71.78	38.81	13	-2.54	-0.08	2.63	0.69	-0.59	-1.23	23
71.44	36.67	133	-0.1	-0.34	0.44	1.77	-0.01	-0.46	23
71.46	37.15	126	0.78	0.59	-1.37	-0.41	-1.49	1.5	23
78.89	41.35	29	0.24	-0.54	0.3	-0.13	0.95	0.67	24
74.72	35.52	15	-2.54	0.24	2.3	0.54	-1.97	0.97	23
